0.0816964283586, -0.0203249044716, 0.996450006962, 0.0, 0.157622277737, 0.987473070621, 0.00721874460578, 0.0, -0.984114289284, 0.156472966075, 0.0838766843081, 0.0, 0.98397898674, 0.940027475357, 2.37499976158, 1.0, 1.0, 0.0, -0.0, 0.0, 0.0, 1.0, -0.0, 0.0, -0.0, -0.0, 1.0, 0.0, 0.0, 0.0, -0.0, 1.0
0.081804022193, -0.0309754367918, 0.996166944504, 0.0, 0.154437184334, 0.987838029861, 0.0180342569947, 0.0, -0.984610199928, 0.152369946241, 0.0855928808451, 0.0, 0.984667539597, 0.940832853317, 2.3730442524, 1.0, 1.0, 0.0, -0.0, 0.0, 0.0, 1.0, -0.0, 0.0, -0.0, -0.0, 1.0, 0.0, 0.0, 0.0, -0.0, 1.0
0.0823640599847, -0.0335196107626, 0.99603843689, 0.0, 0.153065294027, 0.988001525402, 0.020591923967, 0.0, -0.984777748585, 0.150762885809, 0.0865065008402, 0.0, 0.984969139099, 0.941261291504, 2.37234544754, 1.0, 1.0, 0.0, -0.0, 0.0, 0.0, 1.0, -0.0, 0.0, -0.0, -0.0, 1.0, 0.0, 0.0, 0.0, -0.0, 1.0
0.0853101909161, -0.0422115027905, 0.995459854603, 0.0, 0.147920623422, 0.988566815853, 0.0292425192893, 0.0, -0.985312998295, 0.144754365087, 0.0905787795782, 0.0, 0.985826015472, 0.943576097488, 2.3698246479, 1.0, 1.0, 0.0, -0.0, 0.0, 0.0, 1.0, -0.0, 0.0, -0.0, -0.0, 1.0, 0.0, 0.0, 0.0, -0.0, 1.0
0.0859069749713, -0.0459918603301, 0.995241045952, 0.0, 0.147544309497, 0.988506615162, 0.0329449549317, 0.0, -0.985317528248, 0.144011944532, 0.0917054489255, 0.0, 0.986522436142, 0.948736906052, 2.36710262299, 1.0, 1.0, 0.0, -0.0, 0.0, 0.0, 1.0, -0.0, 0.0, -0.0, -0.0, 1.0, 0.0, 0.0, 0.0, -0.0, 1.0
0.0840792655945, -0.0481548644602, 0.995294809341, 0.0, 0.155611455441, 0.98721152544, 0.0346182286739, 0.0, -0.984233558178, 0.151968598366, 0.0904974713922, 0.0, 0.986512899399, 0.95379447937, 2.36513900757, 1.0, 1.0, 0.0, -0.0, 0.0, 0.0, 1.0, -0.0, 0.0, -0.0, -0.0, 1.0, 0.0, 0.0, 0.0, -0.0, 1.0
0.080481082201, -0.04747858271, 0.99562472105, 0.0, 0.166924923658, 0.985400438309, 0.0334976762533, 0.0, -0.98267942667, 0.16349864006, 0.0872314497828, 0.0, 0.986459970474, 0.960425376892, 2.36322641373, 1.0, 1.0, 0.0, -0.0, 0.0, 0.0, 1.0, -0.0, 0.0, -0.0, -0.0, 1.0, 0.0, 0.0, 0.0, -0.0, 1.0
0.0777869597077, -0.0490100681782, 0.995764613152, 0.0, 0.178849875927, 0.983273983002, 0.0344239361584, 0.0, -0.980796575546, 0.175414651632, 0.0852513387799, 0.0, 0.986546278, 0.964857578278, 2.36167597771, 1.0, 1.0, 0.0, -0.0, 0.0, 0.0, 1.0, -0.0, 0.0, -0.0, -0.0, 1.0, 0.0, 0.0, 0.0, -0.0, 1.0
0.0746482163668, -0.0463716462255, 0.996131181717, 0.0, 0.184767886996, 0.982264995575, 0.0318799875677, 0.0, -0.979943096638, 0.181673273444, 0.0818923190236, 0.0, 0.986891031265, 0.96938252449, 2.35979747772, 1.0, 1.0, 0.0, -0.0, 0.0, 0.0, 1.0, -0.0, 0.0, -0.0, -0.0, 1.0, 0.0, 0.0, 0.0, -0.0, 1.0
0.0729845240712, -0.044020332396, 0.996361136436, 0.0, 0.183325648308, 0.982594907284, 0.0299833230674, 0.0, -0.980339229107, 0.180470228195, 0.0797842741013, 0.0, 0.98722243309, 0.972411632538, 2.3585100174, 1.0, 1.0, 0.0, -0.0, 0.0, 0.0, 1.0, -0.0, 0.0, -0.0, -0.0, 1.0, 0.0, 0.0, 0.0, -0.0, 1.0
0.072285734117, -0.0443922169507, 0.996395528316, 0.0, 0.18103992939, 0.982997655869, 0.0306613594294, 0.0, -0.980815649033, 0.178171008825, 0.0790934711695, 0.0, 0.987546682358, 0.974120378494, 2.35763645172, 1.0, 1.0, 0.0, -0.0, 0.0, 0.0, 1.0, -0.0, 0.0, -0.0, -0.0, 1.0, 0.0, 0.0, 0.0, -0.0, 1.0
0.0731071606278, -0.0479133091867, 0.996172487736, 0.0, 0.173344030976, 0.984252691269, 0.0346186198294, 0.0, -0.98214417696, 0.170149683952, 0.0802614092827, 0.0, 0.988341569901, 0.976008892059, 2.35599374771, 1.0, 1.0, 0.0, -0.0, 0.0, 0.0, 1.0, -0.0, 0.0, -0.0, -0.0, 1.0, 0.0, 0.0, 0.0, -0.0, 1.0
0.0718455985188, -0.0507468730211, 0.996123969555, 0.0, 0.16347566247, 0.985798597336, 0.0384301431477, 0.0, -0.98392778635, 0.160080984235, 0.0791211724281, 0.0, 0.988810062408, 0.977962255478, 2.35372781754, 1.0, 1.0, 0.0, -0.0, 0.0, 0.0, 1.0, -0.0, 0.0, -0.0, -0.0, 1.0, 0.0, 0.0, 0.0, -0.0, 1.0
0.0693946555257, -0.0560953952372, 0.996010899544, 0.0, 0.147475361824, 0.988024532795, 0.0453706160188, 0.0, -0.986628293991, 0.143738597631, 0.0768363103271, 0.0, 0.989383220673, 0.981942415237, 2.3498339653, 1.0, 1.0, 0.0, -0.0, 0.0, 0.0, 1.0, -0.0, 0.0, -0.0, -0.0, 1.0, 0.0, 0.0, 0.0, -0.0, 1.0
0.0671094432473, -0.0535770058632, 0.996306061745, 0.0, 0.135949417949, 0.989735245705, 0.0440663434565, 0.0, -0.988440215588, 0.132489979267, 0.0737043395638, 0.0, 0.989500284195, 0.987304210663, 2.34594678879, 1.0, 1.0, 0.0, -0.0, 0.0, 0.0, 1.0, -0.0, 0.0, -0.0, -0.0, 1.0, 0.0, 0.0, 0.0, -0.0, 1.0
0.0618079416454, -0.0527885071933, 0.99669110775, 0.0, 0.124091334641, 0.99125868082, 0.0448054932058, 0.0, -0.990343928337, 0.120911389589, 0.0678182542324, 0.0, 0.98935341835, 0.996719360352, 2.33947992325, 1.0, 1.0, 0.0, -0.0, 0.0, 0.0, 1.0, -0.0, 0.0, -0.0, -0.0, 1.0, 0.0, 0.0, 0.0, -0.0, 1.0
0.0589612498879, -0.0571537725627, 0.996622800827, 0.0, 0.119525514543, 0.991581678391, 0.0497934222221, 0.0, -0.991078794003, 0.116185970604, 0.0652962327003, 0.0, 0.989300251007, 1.00730013847, 2.33366250992, 1.0, 1.0, 0.0, -0.0, 0.0, 0.0, 1.0, -0.0, 0.0, -0.0, -0.0, 1.0, 0.0, 0.0, 0.0, -0.0, 1.0
0.0550141632557, -0.0596591308713, 0.996701657772, 0.0, 0.115515775979, 0.991890907288, 0.0529951453209, 0.0, -0.991780996323, 0.112219281495, 0.0614596232772, 0.0, 0.988372325897, 1.02030324936, 2.32778263092, 1.0, 1.0, 0.0, -0.0, 0.0, 0.0, 1.0, -0.0, 0.0, -0.0, -0.0, 1.0, 0.0, 0.0, 0.0, -0.0, 1.0
0.0449088476598, -0.0757412090898, 0.996115684509, 0.0, 0.113094046712, 0.991096913815, 0.0702608674765, 0.0, -0.992568850517, 0.109499424696, 0.0530749037862, 0.0, 0.986996889114, 1.04038977623, 2.32089710236, 1.0, 1.0, 0.0, -0.0, 0.0, 0.0, 1.0, -0.0, 0.0, -0.0, -0.0, 1.0, 0.0, 0.0, 0.0, -0.0, 1.0
0.0358441844583, -0.0857902541757, 0.995668232441, 0.0, 0.118370451033, 0.989659368992, 0.0810111537576, 0.0, -0.992322325706, 0.114953920245, 0.0456285625696, 0.0, 0.985130310059, 1.05999922752, 2.31643939018, 1.0, 1.0, 0.0, -0.0, 0.0, 0.0, 1.0, -0.0, 0.0, -0.0, -0.0, 1.0, 0.0, 0.0, 0.0, -0.0, 1.0
0.0240367017686, -0.099462479353, 0.994750976562, 0.0, 0.132922232151, 0.986521780491, 0.095427788794, 0.0, -0.990834951401, 0.129930734634, 0.036933504045, 0.0, 0.982389688492, 1.08797574043, 2.31168174744, 1.0, 1.0, 0.0, -0.0, 0.0, 0.0, 1.0, -0.0, 0.0, -0.0, -0.0, 1.0, 0.0, 0.0, 0.0, -0.0, 1.0
0.013004261069, -0.112920746207, 0.99351888895, 0.0, 0.145930334926, 0.983178794384, 0.109835423529, 0.0, -0.989209413528, 0.14355622232, 0.0292640756816, 0.0, 0.980038404465, 1.11236763, 2.30820178986, 1.0, 1.0, 0.0, -0.0, 0.0, 0.0, 1.0, -0.0, 0.0, -0.0, -0.0, 1.0, 0.0, 0.0, 0.0, -0.0, 1.0
0.000641742371954, -0.114606402814, 0.993410766125, 0.0, 0.166523098946, 0.979552745819, 0.112900078297, 0.0, -0.986037313938, 0.165353387594, 0.0197132341564, 0.0, 0.977321147919, 1.14456474781, 2.30479812622, 1.0, -0.000161330361152, -0.116791345179, 0.993156433105, 0.0, 0.230249896646, 0.966467559338, 0.113690234721, 0.0, -0.973131537437, 0.228692516685, 0.0267352741212, 0.0, 0.953592538834, 0.941231489182, 2.58251857758, 1.0
-0.011233098805, -0.113338030875, 0.99349296093, 0.0, 0.181483626366, 0.976823449135, 0.113488346338, 0.0, -0.983329832554, 0.181577533484, 0.00959624256939, 0.0, 0.975869178772, 1.17138826847, 2.30233478546, 1.0, -0.00234618084505, -0.115200780332, 0.99333947897, 0.0, 0.23239210248, 0.966083705425, 0.112588733435, 0.0, -0.972619354725, 0.231108397245, 0.0245051439852, 0.0, 0.959403753281, 0.934256315231, 2.60102653503, 1.0
-0.0308492183685, -0.105170458555, 0.993975579739, 0.0, 0.201968699694, 0.97327965498, 0.109249003232, 0.0, -0.978905975819, 0.204122215509, -0.00878377538174, 0.0, 0.973907470703, 1.20574235916, 2.29975891113, 1.0, -0.00378047279082, -0.114554382861, 0.99340981245, 0.0, 0.233316138387, 0.965898036957, 0.11226978898, 0.0, -0.97239357233, 0.232202976942, 0.0230758357793, 0.0, 0.964771270752, 0.925412893295, 2.6217045784, 1.0
-0.041451331228, -0.0906464606524, 0.995020091534, 0.0, 0.218372836709, 0.970977187157, 0.0975532904267, 0.0, -0.974984645844, 0.221329078078, -0.0204535722733, 0.0, 0.97296667099, 1.23234760761, 2.29751300812, 1.0, -0.00435094395652, -0.114411666989, 0.993423879147, 0.0, 0.234064936638, 0.965719640255, 0.112246140838, 0.0, -0.972211241722, 0.233014091849, 0.0225779693574, 0.0, 0.969032049179, 0.91889500618, 2.63764572144, 1.0
-0.0569342747331, -0.0792615935206, 0.995226681232, 0.0, 0.224547445774, 0.970286905766, 0.0901211127639, 0.0, -0.972798526287, 0.228606581688, -0.0374445915222, 0.0, 0.971030473709, 1.2643032074, 2.29509401321, 1.0, -0.00430845515803, -0.114814311266, 0.993377625942, 0.0, 0.235015004873, 0.96544700861, 0.112605400383, 0.0, -0.971982181072, 0.233943805099, 0.0228235013783, 0.0, 0.970814943314, 0.915521144867, 2.6455411911, 1.0
-0.0632250979543, -0.0701037496328, 0.995534062386, 0.0, 0.230743050575, 0.969474852085, 0.0829228982329, 0.0, -0.970958411694, 0.234955370426, -0.0451191887259, 0.0, 0.969742059708, 1.28887844086, 2.29356765747, 1.0, -0.00460760155693, -0.114629298449, 0.993397653103, 0.0, 0.235618665814, 0.965314328671, 0.112481586635, 0.0, -0.971834659576, 0.234581306577, 0.0225610192865, 0.0, 0.971605539322, 0.914032459259, 2.64869952202, 1.0
-0.0646169483662, -0.0610014498234, 0.996043920517, 0.0, 0.251512348652, 0.9649117589, 0.0754113122821, 0.0, -0.965694665909, 0.255390197039, -0.047007035464, 0.0, 0.969225645065, 1.31901788712, 2.29206991196, 1.0, -0.00500400364399, -0.11454500258, 0.993405461311, 0.0, 0.236031547189, 0.965213239193, 0.112483233213, 0.0, -0.971732497215, 0.235037893057, 0.0222063027322, 0.0, 0.97233748436, 0.913784503937, 2.65036344528, 1.0
-0.0662586092949, -0.0596458353102, 0.99601817131, 0.0, 0.275888472795, 0.958201348782, 0.0757342725992, 0.0, -0.958903193474, 0.279807984829, -0.0470334924757, 0.0, 0.967028856277, 1.34172022343, 2.29038691521, 1.0, -0.00440770015121, -0.11476906389, 0.993382394314, 0.0, 0.235153540969, 0.965416073799, 0.112581409514, 0.0, -0.971948266029, 0.234093621373, 0.0227330867201, 0.0, 0.968898057938, 0.918808221817, 2.63781881332, 1.0
-0.0596562214196, -0.0621395036578, 0.996282994747, 0.0, 0.297039955854, 0.951743364334, 0.0771479010582, 0.0, -0.952999711037, 0.300538212061, -0.0383194945753, 0.0, 0.964326143265, 1.3666189909, 2.28906536102, 1.0, -0.00380410533398, -0.115151830018, 0.993340611458, 0.0, 0.23423756659, 0.965609252453, 0.112834140658, 0.0, -0.972171962261, 0.233106926084, 0.0232996046543, 0.0, 0.965905427933, 0.923655033112, 2.62660837173, 1.0
-0.057709466666, -0.0678930953145, 0.996022164822, 0.0, 0.312750607729, 0.946235179901, 0.082620151341, 0.0, -0.948080539703, 0.316274493933, -0.0333731174469, 0.0, 0.963296413422, 1.38530945778, 2.28800082207, 1.0, -0.00333869620226, -0.115355528891, 0.993318676949, 0.0, 0.233652696013, 0.965738773346, 0.1129379794, 0.0, -0.972314417362, 0.232468649745, 0.0237288214266, 0.0, 0.964036464691, 0.926646947861, 2.619535923, 1.0
-0.0522568672895, -0.0748904421926, 0.995821595192, 0.0, 0.315933853388, 0.9447260499, 0.0876268073916, 0.0, -0.947341024876, 0.31919285655, -0.025707995519, 0.0, 0.961903810501, 1.40537166595, 2.28631067276, 1.0, -0.00274984189309, -0.115642465651, 0.993287086487, 0.0, 0.232859820127, 0.965911328793, 0.11309992522, 0.0, -0.972506403923, 0.231607660651, 0.0242723803967, 0.0, 0.960528373718, 0.932614564896, 2.60526275635, 1.0
-0.0519400350749, -0.0774507150054, 0.99564230442, 0.0, 0.310868889093, 0.946198999882, 0.0898217484355, 0.0, -0.94903254509, 0.314179569483, -0.0250685922801, 0.0, 0.960700273514, 1.41989088058, 2.2841694355, 1.0, -0.00257672439329, -0.115728758276, 0.993277490139, 0.0, 0.232265025377, 0.966047644615, 0.113158687949, 0.0, -0.972649097443, 0.230995208025, 0.0243905056268, 0.0, 0.95859837532, 0.935538053513, 2.59811496735, 1.0
-0.0554847158492, -0.0794155523181, 0.995296239853, 0.0, 0.307223677635, 0.947111785412, 0.0926976501942, 0.0, -0.950018465519, 0.310921877623, -0.028151890263, 0.0, 0.958304166794, 1.43693816662, 2.28107762337, 1.0, -0.00232077715918, -0.115599870682, 0.993293166161, 0.0, 0.232065156102, 0.966116666794, 0.112979270518, 0.0, -0.972697496414, 0.230770930648, 0.0245845597237, 0.0, 0.956537485123, 0.939303398132, 2.58937740326, 1.0
-0.0560595020652, -0.0770119428635, 0.995452880859, 0.0, 0.307186126709, 0.947328090668, 0.0905881896615, 0.0, -0.949996829033, 0.310867667198, -0.0294497366995, 0.0, 0.956955432892, 1.44899630547, 2.27755331993, 1.0, -0.00227002892643, -0.115566700697, 0.993297100067, 0.0, 0.231702759862, 0.966207742691, 0.112944461405, 0.0, -0.972783982754, 0.230406075716, 0.0245838034898, 0.0, 0.955599546432, 0.94056725502, 2.58632802963, 1.0
-0.0563455596566, -0.0730184167624, 0.995737671852, 0.0, 0.310863614082, 0.946464776993, 0.0869959443808, 0.0, -0.948782920837, 0.314440429211, -0.0306303184479, 0.0, 0.955778837204, 1.46204197407, 2.27267551422, 1.0, -0.00210376246832, -0.115637429059, 0.993289291859, 0.0, 0.231264531612, 0.966307878494, 0.1129861027, 0.0, -0.97288864851, 0.229950264096, 0.0247099529952, 0.0, 0.954412937164, 0.942274808884, 2.5821146965, 1.0
-0.0545263253152, -0.0630879402161, 0.99651736021, 0.0, 0.30561619997, 0.949051976204, 0.0768053531647, 0.0, -0.95059221983, 0.308739751577, -0.0324676185846, 0.0, 0.955330133438, 1.47137880325, 2.26884746552, 1.0, -0.00189881795086, -0.115780770779, 0.993272960186, 0.0, 0.231161236763, 0.966321468353, 0.113081075251, 0.0, -0.972913622856, 0.229820922017, 0.0249291583896, 0.0, 0.953736066818, 0.943332910538, 2.57955694199, 1.0
-0.0483061261475, -0.0390208289027, 0.998070061207, 0.0, 0.305604457855, 0.950739681721, 0.0519614964724, 0.0, -0.950932383537, 0.307524710894, -0.0340016111732, 0.0, 0.955737352371, 1.48159468174, 2.26744556427, 1.0, -0.00187140412163, -0.115819372237, 0.993268549442, 0.0, 0.231240734458, 0.966298997402, 0.113110288978, 0.0, -0.972894787788, 0.229895830154, 0.024973820895, 0.0, 0.953348398209, 0.944185495377, 2.57778215408, 1.0
-0.0421471819282, -0.0260777324438, 0.998771011829, 0.0, 0.314194768667, 0.948596656322, 0.038026407361, 0.0, -0.94842249155, 0.315411329269, -0.0317871905863, 0.0, 0.957415819168, 1.48757326603, 2.26792001724, 1.0, -0.00183902215213, -0.11592195183, 0.993256628513, 0.0, 0.23091802001, 0.966364383698, 0.11321093142, 0.0, -0.972971498966, 0.229569047689, 0.0249913018197, 0.0, 0.9524538517, 0.945533514023, 2.57464194298, 1.0
-0.0390925705433, -0.0183775667101, 0.999066591263, 0.0, 0.324123203754, 0.945536673069, 0.0300755444914, 0.0, -0.945206820965, 0.3249964118, -0.0310068614781, 0.0, 0.960562467575, 1.49260509014, 2.26873207092, 1.0, -0.00172996788751, -0.115879386663, 0.993261814117, 0.0, 0.230817556381, 0.96639585495, 0.113147079945, 0.0, -0.972995519638, 0.229458004236, 0.0250751636922, 0.0, 0.951359033585, 0.94725394249, 2.57064342499, 1.0
-0.0438964627683, -0.0258636213839, 0.99870121479, 0.0, 0.331111907959, 0.942786455154, 0.0389691255987, 0.0, -0.94256991148, 0.33239248395, -0.0328212380409, 0.0, 0.963402748108, 1.49410903454, 2.26929879189, 1.0, -0.00163619115483, -0.115833841264, 0.99326723814, 0.0, 0.230864539742, 0.96639251709, 0.11308003962, 0.0, -0.972984552383, 0.229495212436, 0.0251607242972, 0.0, 0.950504541397, 0.94882440567, 2.56694126129, 1.0
-0.0587689578533, -0.0362201482058, 0.997614324093, 0.0, 0.325754851103, 0.943941533566, 0.0534615181386, 0.0, -0.943625986576, 0.328119575977, -0.0436755716801, 0.0, 0.96572136879, 1.49318993092, 2.26954078674, 1.0, -0.00173656782135, -0.115886934102, 0.993260920048, 0.0, 0.230787977576, 0.966401815414, 0.113156698644, 0.0, -0.973002493382, 0.22942918539, 0.0250670891255, 0.0, 0.949826478958, 0.949940443039, 2.56463003159, 1.0
-0.0710185021162, -0.0415221899748, 0.996610403061, 0.0, 0.311482399702, 0.948246479034, 0.0617034360766, 0.0, -0.947594344616, 0.314808666706, -0.0544096156955, 0.0, 0.966327905655, 1.49069726467, 2.26965284348, 1.0, -0.0017273996491, -0.115739218891, 0.99327814579, 0.0, 0.230745151639, 0.966428995132, 0.113011971116, 0.0, -0.973012685776, 0.229389324784, 0.0250368528068, 0.0, 0.949424028397, 0.950499296188, 2.5632352829, 1.0
-0.0786756575108, -0.0409621559083, 0.996058344841, 0.0, 0.292349815369, 0.954277634621, 0.0623357854784, 0.0, -0.953069627285, 0.296101778746, -0.0631031468511, 0.0, 0.965911388397, 1.4873445034, 2.27003145218, 1.0, -0.00158656563144, -0.115744873881, 0.993277728558, 0.0, 0.23079431057, 0.966420531273, 0.112983904779, 0.0, -0.973001241684, 0.229422107339, 0.0251799691468, 0.0, 0.949134111404, 0.951100587845, 2.56155157089, 1.0
-0.078945286572, -0.0362602397799, 0.996219277382, 0.0, 0.28096061945, 0.958017110825, 0.0571344569325, 0.0, -0.956466794014, 0.284408867359, -0.0654432401061, 0.0, 0.964694738388, 1.48495543003, 2.27039241791, 1.0, -0.00168263819069, -0.115771770477, 0.993274390697, 0.0, 0.23083524406, 0.966405212879, 0.113031059504, 0.0, -0.972991406918, 0.2294729352, 0.0250980947167, 0.0, 0.948692798615, 0.951875925064, 2.55979585648, 1.0
-0.0771755874157, -0.0343917235732, 0.996424198151, 0.0, 0.273692339659, 0.960280895233, 0.0543424002826, 0.0, -0.958716034889, 0.27690756321, -0.064697496593, 0.0, 0.963063716888, 1.48235821724, 2.27056646347, 1.0, -0.00175248365849, -0.115663304925, 0.993286907673, 0.0, 0.230567604303, 0.966478765011, 0.112948425114, 0.0, -0.97305470705, 0.229217737913, 0.0249744728208, 0.0, 0.948271989822, 0.952433347702, 2.5581908226, 1.0
-0.0746046453714, -0.036609929055, 0.99654096365, 0.0, 0.268318027258, 0.961735010147, 0.0554185137153, 0.0, -0.960437178612, 0.271524369717, -0.0619267933071, 0.0, 0.961868047714, 1.48070085049, 2.26971817017, 1.0, -0.00172962993383, -0.115777701139, 0.993273615837, 0.0, 0.230376809835, 0.966511309147, 0.113059401512, 0.0, -0.973099946976, 0.22902277112, 0.0250007901341, 0.0, 0.948419332504, 0.952050924301, 2.55921649933, 1.0
-0.0722640901804, -0.0416542887688, 0.996515333652, 0.0, 0.261796534061, 0.963302612305, 0.0592506416142, 0.0, -0.962413907051, 0.265165954828, -0.0587072409689, 0.0, 0.960515260696, 1.47925293446, 2.26818609238, 1.0, -0.00187029188965, -0.115616843104, 0.993292152882, 0.0, 0.230577707291, 0.966478526592, 0.112929962575, 0.0, -0.973052144051, 0.229242220521, 0.0248510688543, 0.0, 0.947999954224, 0.952691316605, 2.55740213394, 1.0
-0.072173833847, -0.0438485331833, 0.996427714825, 0.0, 0.259722858667, 0.96374052763, 0.0612225048244, 0.0, -0.962982356548, 0.263213723898, -0.0581683814526, 0.0, 0.959685325623, 1.47822880745, 2.26688122749, 1.0, -0.00167611113284, -0.115767858922, 0.993274867535, 0.0, 0.230324298143, 0.966526210308, 0.113038919866, 0.0, -0.973112463951, 0.228964820504, 0.0250441469252, 0.0, 0.947556018829, 0.953371047974, 2.55587005615, 1.0
-0.0819110572338, -0.0482120029628, 0.995472848415, 0.0, 0.256055474281, 0.964283525944, 0.0677706226707, 0.0, -0.963185429573, 0.260447442532, -0.0666405335069, 0.0, 0.959607839584, 1.47723841667, 2.26397562027, 1.0, -0.00112631521188, -0.115857280791, 0.993265211582, 0.0, 0.230153784156, 0.966570854187, 0.113004550338, 0.0, -0.973153591156, 0.228731036186, 0.0255763288587, 0.0, 0.947283744812, 0.953824520111, 2.55497980118, 1.0
-0.103353850543, -0.0513730086386, 0.993317067623, 0.0, 0.254617422819, 0.964023113251, 0.0763507038355, 0.0, -0.961502969265, 0.260806977749, -0.0865550339222, 0.0, 0.96035695076, 1.47729122639, 2.2598285675, 1.0, -0.00024340658274, -0.116380855441, 0.993204653263, 0.0, 0.228535473347, 0.966913580894, 0.113356158137, 0.0, -0.97353553772, 0.227010086179, 0.0263618025929, 0.0, 0.947353124619, 0.955230951309, 2.55442810059, 1.0
-0.142184868455, -0.0523220635951, 0.988456308842, 0.0, 0.257882773876, 0.962158024311, 0.0880252569914, 0.0, -0.955656826496, 0.267421722412, -0.123311348259, 0.0, 0.962124109268, 1.47861242294, 2.25296545029, 1.0, 0.000345425185515, -0.116834759712, 0.993151307106, 0.0, 0.229048267007, 0.966757774353, 0.113650143147, 0.0, -0.973415017128, 0.227440327406, 0.0270947404206, 0.0, 0.946772813797, 0.954803705215, 2.55303049088, 1.0
-0.200962498784, -0.0538621582091, 0.97811704874, 0.0, 0.269594669342, 0.956889033318, 0.108083717525, 0.0, -0.941771090031, 0.285415917635, -0.177777856588, 0.0, 0.964651107788, 1.48137164116, 2.24406003952, 1.0, 0.000100466495496, -0.115447409451, 0.993313610554, 0.0, 0.228390842676, 0.967062473297, 0.112373292446, 0.0, -0.973569512367, 0.226852446795, 0.0264642890543, 0.0, 0.946719884872, 0.954921960831, 2.55291175842, 1.0
-0.262680768967, -0.0536285154521, 0.963391304016, 0.0, 0.282583236694, 0.950399041176, 0.129955157638, 0.0, -0.922575473785, 0.306374937296, -0.234497025609, 0.0, 0.967431545258, 1.48372900486, 2.23547410965, 1.0, -0.000219750945689, -0.115227662027, 0.993339061737, 0.0, 0.228295743465, 0.967101037502, 0.112234547734, 0.0, -0.973591804504, 0.226799756289, 0.0260934624821, 0.0, 0.94659280777, 0.955069541931, 2.55249977112, 1.0
-0.358311295509, -0.051587190479, 0.932175815105, 0.0, 0.292302936316, 0.942073106766, 0.164490804076, 0.0, -0.88666343689, 0.331416636705, -0.322476357222, 0.0, 0.972965478897, 1.48574399948, 2.22321987152, 1.0, 0.000386003608583, -0.116284146905, 0.993215918541, 0.0, 0.227290794253, 0.967230677605, 0.113153502345, 0.0, -0.973826825619, 0.225705161691, 0.026803670451, 0.0, 0.947852134705, 0.95299744606, 2.55760812759, 1.0
-0.437833368778, -0.0526478290558, 0.897513329983, 0.0, 0.283632516861, 0.939215898514, 0.193458363414, 0.0, -0.853143930435, 0.339266479015, -0.396287411451, 0.0, 0.978724241257, 1.48611903191, 2.21249628067, 1.0, 0.000335036951583, -0.116741806269, 0.993162214756, 0.0, 0.228237017989, 0.966957271099, 0.113584533334, 0.0, -0.973605513573, 0.226638332009, 0.0269687678665, 0.0, 0.948086023331, 0.952867031097, 2.55769300461, 1.0
-0.532414734364, -0.0597978159785, 0.844368815422, 0.0, 0.246386915445, 0.943363785744, 0.222167283297, 0.0, -0.8098320961, 0.326326578856, -0.487527400255, 0.0, 0.987754821777, 1.48428869247, 2.19838047028, 1.0, 8.67776907398e-05, -0.115896999836, 0.993261218071, 0.0, 0.227243259549, 0.967277824879, 0.11284532398, 0.0, -0.973838031292, 0.225702121854, 0.0264207497239, 0.0, 0.94787478447, 0.952831268311, 2.55780267715, 1.0
-0.615104019642, -0.0680899396539, 0.785500347614, 0.0, 0.197759926319, 0.951092839241, 0.237304508686, 0.0, -0.763241827488, 0.301307439804, -0.571555554867, 0.0, 0.997488260269, 1.48136949539, 2.18641662598, 1.0, -0.000469670223538, -0.115529343486, 0.993303954601, 0.0, 0.228255659342, 0.967069685459, 0.112586006522, 0.0, -0.973601102829, 0.226780131459, 0.0259160231799, 0.0, 0.947360038757, 0.953855276108, 2.55518293381, 1.0
-0.71919041872, -0.0894123911858, 0.689035952091, 0.0, 0.122682482004, 0.959762990475, 0.252594619989, 0.0, -0.683896303177, 0.266196280718, -0.679283022881, 0.0, 1.01177597046, 1.47700822353, 2.1725461483, 1.0, -0.000224391478696, -0.116716079414, 0.993165314198, 0.0, 0.229800477624, 0.966579973698, 0.113643713295, 0.0, -0.973237752914, 0.228255361319, 0.0266045182943, 0.0, 0.947631597519, 0.953631401062, 2.55557489395, 1.0
-0.791160285473, -0.109021052718, 0.601813793182, 0.0, 0.0564395263791, 0.966772139072, 0.249331638217, 0.0, -0.608999192715, 0.231227368116, -0.758718550205, 0.0, 1.0249505043, 1.4722571373, 2.16220283508, 1.0, -0.000405027909437, -0.116412386298, 0.99320089817, 0.0, 0.229774773121, 0.966615855694, 0.11339007318, 0.0, -0.973243772984, 0.228258445859, 0.0263571236283, 0.0, 0.947130680084, 0.95441699028, 2.55383014679, 1.0
-0.864842832088, -0.135392442346, 0.48344156146, 0.0, -0.0264747086912, 0.973908603191, 0.225391045213, 0.0, -0.501344144344, 0.182128861547, -0.845862329006, 0.0, 1.04356408119, 1.46564936638, 2.1511926651, 1.0, -0.000444019009592, -0.116011343896, 0.993247807026, 0.0, 0.230014666915, 0.966604232788, 0.113002203405, 0.0, -0.973187088966, 0.228511735797, 0.026255119592, 0.0, 0.946143627167, 0.955920696259, 2.55030155182, 1.0
-0.910749137402, -0.143496796489, 0.387226879597, 0.0, -0.0720611214638, 0.978523254395, 0.19313056767, 0.0, -0.406624138355, 0.147989496589, -0.901529788971, 0.0, 1.05887198448, 1.46094286442, 2.14378833771, 1.0, -0.000495276995935, -0.116009116173, 0.993248045444, 0.0, 0.2294819206, 0.96672809124, 0.113026075065, 0.0, -0.973312795162, 0.227988436818, 0.0261431969702, 0.0, 0.946656942368, 0.95502114296, 2.55264472961, 1.0
-0.953369617462, -0.127019703388, 0.27377435565, 0.0, -0.0862283557653, 0.983948707581, 0.156235903502, 0.0, -0.289224952459, 0.125343441963, -0.949019491673, 0.0, 1.07708334923, 1.455057621, 2.13522744179, 1.0, -0.0006129037356, -0.115808725357, 0.993271350861, 0.0, 0.229444652796, 0.966756463051, 0.112858846784, 0.0, -0.97332149744, 0.227969959378, 0.0259791631252, 0.0, 0.94735121727, 0.953777313232, 2.55537080765, 1.0
-0.976886749268, -0.106529951096, 0.185320466757, 0.0, -0.0830166041851, 0.987989187241, 0.130328923464, 0.0, -0.19697855413, 0.111931920052, -0.973997294903, 0.0, 1.09108042717, 1.45093727112, 2.12983512878, 1.0, -0.000490500358865, -0.115944050252, 0.993255615234, 0.0, 0.229166924953, 0.966809332371, 0.112970106304, 0.0, -0.973387002945, 0.227676749229, 0.0260963216424, 0.0, 0.947252750397, 0.954011201859, 2.55502939224, 1.0
-0.992843151093, -0.0744802057743, 0.09335526824, 0.0, -0.0636280551553, 0.991409957409, 0.114270351827, 0.0, -0.101064227521, 0.107512518764, -0.989053606987, 0.0, 1.10580229759, 1.44852852821, 2.12439632416, 1.0, -0.000740932358894, -0.115687780082, 0.993285357952, 0.0, 0.229491204023, 0.966755867004, 0.112769082189, 0.0, -0.973310470581, 0.228033810854, 0.0258330274373, 0.0, 0.947875738144, 0.953139543533, 2.55663299561, 1.0
-0.998027920723, -0.0500992015004, 0.0378202684224, 0.0, -0.0451106391847, 0.991398274899, 0.122859701514, 0.0, -0.0436501204967, 0.120911315084, -0.991703152657, 0.0, 1.11512112617, 1.44887387753, 2.12018489838, 1.0, -0.00111386890057, -0.115316070616, 0.993328213692, 0.0, 0.229643002152, 0.966752529144, 0.112488396466, 0.0, -0.973274290562, 0.228236183524, 0.0254046935588, 0.0, 0.948112487793, 0.952747821808, 2.55743741989, 1.0
-0.99879181385, -0.0426514558494, -0.0244093295187, 0.0, -0.04574983567, 0.988376259804, 0.144980415702, 0.0, 0.0179419759661, 0.145921960473, -0.989133417606, 0.0, 1.12508416176, 1.45137345791, 2.11592245102, 1.0, -0.000587418559007, -0.115901999176, 0.993260502815, 0.0, 0.229619160295, 0.966705620289, 0.112939156592, 0.0, -0.973280370235, 0.228137984872, 0.0260454583913, 0.0, 0.948222637177, 0.952531099319, 2.5583524704, 1.0
-0.996611595154, -0.0380175635219, -0.0729386880994, 0.0, -0.0499154143035, 0.984359025955, 0.168954893947, 0.0, 0.0653745979071, 0.172023162246, -0.982921242714, 0.0, 1.13121438026, 1.45341110229, 2.11275339127, 1.0, -0.000585537753068, -0.115995638072, 0.993249535561, 0.0, 0.229482471943, 0.966727077961, 0.113033518195, 0.0, -0.973312616348, 0.227999553084, 0.0260529089719, 0.0, 0.948241710663, 0.952420949936, 2.558842659, 1.0
-0.992465376854, -0.0449779443443, -0.113971456885, 0.0, -0.0665360614657, 0.978926122189, 0.193071573973, 0.0, 0.10288567096, 0.199200063944, -0.974542915821, 0.0, 1.13686728477, 1.45515060425, 2.10923480988, 1.0, -0.000597260368522, -0.115851461887, 0.99326634407, 0.0, 0.229356572032, 0.96677261591, 0.11289922893, 0.0, -0.973342299461, 0.227879598737, 0.0259938798845, 0.0, 0.948368787766, 0.952062606812, 2.55984592438, 1.0
-0.989030301571, -0.0471581444144, -0.139982670546, 0.0, -0.0752518475056, 0.976330399513, 0.202770993114, 0.0, 0.127107039094, 0.211080625653, -0.969169139862, 0.0, 1.13913035393, 1.45537626743, 2.10726165771, 1.0, -0.000406409031712, -0.115962781012, 0.993253469467, 0.0, 0.229977160692, 0.966619551182, 0.112947359681, 0.0, -0.973195910454, 0.228471517563, 0.0262759495527, 0.0, 0.948152065277, 0.952620983124, 2.55818128586, 1.0
-0.985084593296, -0.0329437032342, -0.1688875705, 0.0, -0.0664349272847, 0.978212893009, 0.196687459946, 0.0, 0.158728376031, 0.204973831773, -0.96581107378, 0.0, 1.14074134827, 1.45288693905, 2.1055316925, 1.0, -0.000452163571026, -0.115956090391, 0.993254244328, 0.0, 0.230198189616, 0.966567218304, 0.112945340574, 0.0, -0.97314363718, 0.228696405888, 0.0262558348477, 0.0, 0.948073148727, 0.95277428627, 2.55776834488, 1.0
-0.983485817909, -0.0203266590834, -0.179839983582, 0.0, -0.0531884245574, 0.982255160809, 0.179849311709, 0.0, 0.172993004322, 0.186444655061, -0.967115223408, 0.0, 1.14142370224, 1.44953513145, 2.1045935154, 1.0, -0.000670072680805, -0.115820854902, 0.993269920349, 0.0, 0.23007042706, 0.966606795788, 0.112866997719, 0.0, -0.973173737526, 0.228597655892, 0.025999257341, 0.0, 0.948255300522, 0.952432155609, 2.55833959579, 1.0
-0.98327589035, -0.0115938857198, -0.181752800941, 0.0, -0.0414470769465, 0.986029982567, 0.161328971386, 0.0, 0.177343279123, 0.166164025664, -0.970020055771, 0.0, 1.14253926277, 1.44629669189, 2.10366106033, 1.0, -0.000540099048521, -0.11588165164, 0.993262887001, 0.0, 0.229998037219, 0.966620326042, 0.112898394465, 0.0, -0.973190963268, 0.228509485722, 0.0261304825544, 0.0, 0.948386669159, 0.952242612839, 2.55903315544, 1.0
-0.984628200531, -0.0117423543707, -0.174268320203, 0.0, -0.0392712950706, 0.987074553967, 0.155375599861, 0.0, 0.170191347599, 0.15983094275, -0.972362577915, 0.0, 1.14270329475, 1.44494473934, 2.10253572464, 1.0, -0.000730181229301, -0.115951955318, 0.993254542351, 0.0, 0.23023955524, 0.966550529003, 0.113003797829, 0.0, -0.973133683205, 0.228769004345, 0.0259909704328, 0.0, 0.948115825653, 0.952965736389, 2.55740356445, 1.0
-0.988616168499, -0.0267240852118, -0.148067355156, 0.0, -0.0489698015153, 0.987668931484, 0.148701161146, 0.0, 0.142267629504, 0.154259189963, -0.977734148502, 0.0, 1.14083099365, 1.44441688061, 2.10088562965, 1.0, -0.000655230192933, -0.115885004401, 0.993262410164, 0.0, 0.229794278741, 0.966664671898, 0.112933404744, 0.0, -0.973239004612, 0.228320032358, 0.0259963236749, 0.0, 0.948456525803, 0.952229976654, 2.55903196335, 1.0
-0.993085324764, -0.0469692721963, -0.107589401305, 0.0, -0.0619601979852, 0.988135457039, 0.140532061458, 0.0, 0.099712215364, 0.14622657001, -0.984212994576, 0.0, 1.13786292076, 1.44457221031, 2.09907674789, 1.0, -0.000561066728551, -0.115848973393, 0.993266701698, 0.0, 0.229233726859, 0.966802656651, 0.112891845405, 0.0, -0.973371267319, 0.227753564715, 0.0260140523314, 0.0, 0.948236227036, 0.952302455902, 2.55880308151, 1.0
-0.997447311878, -0.0489160269499, -0.0520202405751, 0.0, -0.0553906001151, 0.989787757397, 0.131347328424, 0.0, 0.045064009726, 0.133893460035, -0.989970564842, 0.0, 1.13144516945, 1.44432175159, 2.09721469879, 1.0, -0.000798694090918, -0.115784883499, 0.993273973465, 0.0, 0.229684352875, 0.966698050499, 0.112871639431, 0.0, -0.973264873028, 0.228229641914, 0.0258218795061, 0.0, 0.948684215546, 0.951759576797, 2.56031274796, 1.0
-0.999177873135, -0.0402549952269, -0.00481098936871, 0.0, -0.0405398830771, 0.991031169891, 0.127333179116, 0.0, -0.000357956625521, 0.127423539758, -0.991848349571, 0.0, 1.12629103661, 1.44367814064, 2.09651660919, 1.0, -0.000751955900341, -0.115681007504, 0.993286132812, 0.0, 0.229506880045, 0.966752648354, 0.112764589489, 0.0, -0.973306775093, 0.228050798178, 0.0258226320148, 0.0, 0.948625087738, 0.951822280884, 2.5602273941, 1.0
-0.998905301094, -0.0303324833512, 0.035611640662, 0.0, -0.025909062475, 0.992592155933, 0.118699543178, 0.0, -0.0389482863247, 0.117646932602, -0.992291390896, 0.0, 1.1216340065, 1.44193005562, 2.09636926651, 1.0, -0.000780429225415, -0.115580484271, 0.993297815323, 0.0, 0.229382067919, 0.966792583466, 0.112676545978, 0.0, -0.973336160183, 0.227932631969, 0.0257575754076, 0.0, 0.948736906052, 0.951645851135, 2.56060552597, 1.0
-0.998178243637, -0.0332930572331, 0.0503161735833, 0.0, -0.027869919315, 0.994094014168, 0.10488242656, 0.0, -0.0535108633339, 0.103289045393, -0.993210911751, 0.0, 1.1206343174, 1.43999099731, 2.09619569778, 1.0, -0.000652991991956, -0.115677729249, 0.99328660965, 0.0, 0.229364871979, 0.966788947582, 0.112742610276, 0.0, -0.973340272903, 0.227898672223, 0.0259011015296, 0.0, 0.948625802994, 0.951720237732, 2.56015348434, 1.0
-0.998114287853, -0.0418613813818, 0.044893682003, 0.0, -0.0376598462462, 0.995169043541, 0.090665794909, 0.0, -0.048472199589, 0.088804140687, -0.994868993759, 0.0, 1.12202787399, 1.43777012825, 2.09608983994, 1.0, -0.000597315374762, -0.115946993232, 0.993255198002, 0.0, 0.229651004076, 0.96669280529, 0.112984351814, 0.0, -0.97327286005, 0.228169545531, 0.0260499231517, 0.0, 0.949306964874, 0.950661182404, 2.56265974045, 1.0
-0.998127877712, -0.0458510927856, 0.0404778793454, 0.0, -0.0423528701067, 0.995614528656, 0.0834143236279, 0.0, -0.0441250056028, 0.0815438106656, -0.995692491531, 0.0, 1.12321591377, 1.4367389679, 2.09625554085, 1.0, -0.000613862706814, -0.115770667791, 0.993275761604, 0.0, 0.229741737247, 0.96669113636, 0.112814098597, 0.0, -0.973251461983, 0.228266149759, 0.0260039381683, 0.0, 0.949285268784, 0.950803995132, 2.56228804588, 1.0
-0.998412430286, -0.042469356209, 0.0370000675321, 0.0, -0.039115536958, 0.995433092117, 0.0870799720287, 0.0, -0.0405293218791, 0.0854944437742, -0.99551397562, 0.0, 1.12393379211, 1.43688488007, 2.09670686722, 1.0, -0.000487963552587, -0.115831263363, 0.993268787861, 0.0, 0.229776442051, 0.96667945385, 0.112843394279, 0.0, -0.973243296146, 0.228284835815, 0.0261435899884, 0.0, 0.949274301529, 0.950758934021, 2.56228256226, 1.0
-0.998692274094, -0.0342958904803, 0.0379143543541, 0.0, -0.0305420234799, 0.99496036768, 0.0955039188266, 0.0, -0.0409986712039, 0.0942210480571, -0.994706749916, 0.0, 1.12374520302, 1.4375180006, 2.09670352936, 1.0, -0.000369479414076, -0.115861922503, 0.993265271187, 0.0, 0.229500263929, 0.966743886471, 0.112853638828, 0.0, -0.973308503628, 0.227996334434, 0.0262331496924, 0.0, 0.94890999794, 0.951266527176, 2.56096553802, 1.0
-0.998835623264, -0.022401297465, 0.0427266508341, 0.0, -0.0179850105196, 0.994715631008, 0.101080983877, 0.0, -0.0447652116418, 0.100194849074, -0.99396032095, 0.0, 1.1228749752, 1.4387229681, 2.09688234329, 1.0, -0.000240142180701, -0.116078421474, 0.993239998817, 0.0, 0.229742109776, 0.9666659832, 0.113028302789, 0.0, -0.973251521587, 0.228216201067, 0.0264359638095, 0.0, 0.949061632156, 0.950998783112, 2.56169629097, 1.0
-0.998734593391, -0.0170911923051, 0.0472979359329, 0.0, -0.0122774196789, 0.994885921478, 0.100256033242, 0.0, -0.0487695448101, 0.0995484739542, -0.993836820126, 0.0, 1.12246775627, 1.43949353695, 2.09693431854, 1.0, -0.000477505178424, -0.116038188338, 0.99324464798, 0.0, 0.229699105024, 0.96667432785, 0.113044477999, 0.0, -0.973261594772, 0.228201389313, 0.0261922776699, 0.0, 0.9488966465, 0.951269865036, 2.56108951569, 1.0
-0.998632848263, -0.0191762633622, 0.0486278943717, 0.0, -0.0144140217453, 0.995232701302, 0.0964575856924, 0.0, -0.0502457655966, 0.0956247895956, -0.994148492813, 0.0, 1.12267947197, 1.44028198719, 2.09722948074, 1.0, -0.000300728483126, -0.116170704365, 0.993229210377, 0.0, 0.229742750525, 0.966653704643, 0.113131925464, 0.0, -0.973251342773, 0.228221222758, 0.0263986755162, 0.0, 0.948947191238, 0.951169252396, 2.56145477295, 1.0
-0.998468101025, -0.027678988874, 0.0479098893702, 0.0, -0.0229373108596, 0.995036005974, 0.0968362912536, 0.0, -0.0503523945808, 0.0955890193582, -0.994146585464, 0.0, 1.12301492691, 1.44104075432, 2.09737205505, 1.0, -0.000330164242769, -0.116041719913, 0.993244290352, 0.0, 0.22994326055, 0.966620564461, 0.113007679582, 0.0, -0.973203957081, 0.228427141905, 0.0263638682663, 0.0, 0.948977708817, 0.951216697693, 2.5612912178, 1.0
-0.997943460941, -0.0424345731735, 0.048043563962, 0.0, -0.0372595563531, 0.993888318539, 0.103911913931, 0.0, -0.0521593950689, 0.101908132434, -0.993425428867, 0.0, 1.12336611748, 1.44236838818, 2.09765052795, 1.0, -0.000325086002704, -0.116043977439, 0.993244051933, 0.0, 0.229835495353, 0.966645777225, 0.11301163584, 0.0, -0.973229408264, 0.228319481015, 0.0263567827642, 0.0, 0.949200391769, 0.950923204422, 2.56206798553, 1.0
-0.997206687927, -0.0596697852015, 0.0449258759618, 0.0, -0.0542077794671, 0.991968393326, 0.114281229675, 0.0, -0.0513841845095, 0.111526668072, -0.992432117462, 0.0, 1.12338519096, 1.44329786301, 2.09738969803, 1.0, -0.000357682700269, -0.115965470672, 0.993253171444, 0.0, 0.229927569628, 0.966632187366, 0.112940184772, 0.0, -0.973207652569, 0.22841668129, 0.0263179112226, 0.0, 0.949351549149, 0.950695753098, 2.56246685982, 1.0
-0.99472630024, -0.0947662442923, 0.0392292290926, 0.0, -0.089188285172, 0.988088667393, 0.125404298306, 0.0, -0.0506460517645, 0.121244162321, -0.991329848766, 0.0, 1.12352538109, 1.44380283356, 2.09669542313, 1.0, -0.000329991511535, -0.116172000766, 0.993229031563, 0.0, 0.229353114963, 0.966744065285, 0.113150410354, 0.0, -0.973343253136, 0.227837517858, 0.0263253934681, 0.0, 0.949249982834, 0.950764894485, 2.56267380714, 1.0
-0.989127099514, -0.142192915082, 0.0375335365534, 0.0, -0.135927438736, 0.98137485981, 0.135746389627, 0.0, -0.0561366453767, 0.129168599844, -0.990032374859, 0.0, 1.12383675575, 1.44384419918, 2.09646320343, 1.0, -0.000576378777623, -0.116071522236, 0.993240714073, 0.0, 0.229190975428, 0.966786921024, 0.113113090396, 0.0, -0.973381280899, 0.227706998587, 0.0260453093797, 0.0, 0.949124097824, 0.950915575027, 2.5622344017, 1.0
-0.971667647362, -0.233342126012, 0.0375955328345, 0.0, -0.225093320012, 0.962110221386, 0.153873115778, 0.0, -0.0720761269331, 0.141051024199, -0.98737514019, 0.0, 1.12456035614, 1.4446015358, 2.09555435181, 1.0, -0.000619282829575, -0.115929588675, 0.99325722456, 0.0, 0.229534998536, 0.966721355915, 0.112975530326, 0.0, -0.973300218582, 0.228057265282, 0.0260112248361, 0.0, 0.948866128922, 0.9515376091, 2.56077957153, 1.0
-0.948541104794, -0.31429541111, 0.0385772027075, 0.0, -0.30312359333, 0.936478674412, 0.17641942203, 0.0, -0.0915745422244, 0.155647411942, -0.983558833599, 0.0, 1.12389373779, 1.44546961784, 2.09482359886, 1.0, -0.000758235401008, -0.115774892271, 0.993275165558, 0.0, 0.229739636183, 0.966687262058, 0.112851217389, 0.0, -0.973251819611, 0.228280261159, 0.0258651059121, 0.0, 0.94876074791, 0.951768398285, 2.5601568222, 1.0
-0.911914944649, -0.407828241587, 0.0456860028207, 0.0, -0.390744298697, 0.89690965414, 0.20705537498, 0.0, -0.12541924417, 0.170965343714, -0.977261900902, 0.0, 1.12150931358, 1.44579899311, 2.09277176857, 1.0, -0.000560754910111, -0.115920126438, 0.993258357048, 0.0, 0.229385063052, 0.96675914526, 0.112956978381, 0.0, -0.973335564137, 0.227901980281, 0.0260482300073, 0.0, 0.94811964035, 0.952529907227, 2.55821418762, 1.0
-0.874563217163, -0.482376784086, 0.0495159849524, 0.0, -0.45968824625, 0.857242584229, 0.231995508075, 0.0, -0.154356464744, 0.180132821202, -0.97145575285, 0.0, 1.11913394928, 1.44589924812, 2.09047746658, 1.0, -0.000706878374331, -0.11584995687, 0.99326646328, 0.0, 0.22952246666, 0.966731011868, 0.112918324769, 0.0, -0.973303079605, 0.228056788445, 0.025906804949, 0.0, 0.948181867599, 0.952560186386, 2.55809164047, 1.0
-0.824172616005, -0.564091444016, 0.0504023209214, 0.0, -0.53563451767, 0.80530244112, 0.254133045673, 0.0, -0.183943390846, 0.182452276349, -0.965855062008, 0.0, 1.11576151848, 1.44557952881, 2.08727478981, 1.0, -0.000657053780742, -0.11592130363, 0.993258178234, 0.0, 0.229614257812, 0.966702759266, 0.112973965704, 0.0, -0.973281502724, 0.228140473366, 0.0259820092469, 0.0, 0.947948455811, 0.953072309494, 2.55678272247, 1.0
-0.789756298065, -0.61133056879, 0.0505958795547, 0.0, -0.579409480095, 0.770509362221, 0.265706628561, 0.0, -0.201419189572, 0.180527746677, -0.96272534132, 0.0, 1.11299157143, 1.44438076019, 2.08479404449, 1.0, -0.000513311824761, -0.115935385227, 0.993256628513, 0.0, 0.229383438826, 0.966759026051, 0.112961068749, 0.0, -0.973335981369, 0.227894604206, 0.0260974075645, 0.0, 0.947985887527, 0.952945709229, 2.55713415146, 1.0
