0.23645760119, 0.393167346716, 0.888542175293, 0.0, -0.610357344151, 0.771634221077, -0.179009795189, 0.0, -0.75601041317, -0.5, 0.422431349754, 0.0, -1.0, 1.0, 3.0, 1.0, 0.0914362296462, 0.393167346716, 0.914909183979, 0.0, -0.57390999794, 0.771634221077, -0.274240583181, 0.0, -0.813797712326, -0.5, 0.296198010445, 0.0, -1.0, 2.0, 3.0, 1.0
0.345007628202, 0.393167316914, 0.852284669876, 0.0, -0.627867341042, 0.771634280682, -0.101799748838, 0.0, -0.697676420212, -0.5, 0.513076603413, 0.0, -1.0, 1.0, 3.0, 1.0, 0.0914362296462, 0.393167346716, 0.914909183979, 0.0, -0.57390999794, 0.771634221077, -0.274240583181, 0.0, -0.813797712326, -0.5, 0.296198010445, 0.0, -1.0, 2.0, 3.0, 1.0
0.396100878716, 0.393167346716, 0.829773187637, 0.0, -0.632888495922, 0.771634221077, -0.0635037198663, 0.0, -0.665248990059, -0.5, 0.554476082325, 0.0, -1.0, 1.0, 3.0, 1.0, 0.0914362296462, 0.393167346716, 0.914909183979, 0.0, -0.57390999794, 0.771634221077, -0.274240583181, 0.0, -0.813797712326, -0.5, 0.296198010445, 0.0, -1.0, 2.0, 3.0, 1.0
0.382203191519, 0.393167316914, 0.836265623569, 0.0, -0.631740987301, 0.771634280682, -0.0740529596806, 0.0, -0.674406409264, -0.5, 0.54330098629, 0.0, -1.0, 1.0, 3.0, 1.0, 0.0914362296462, 0.393167346716, 0.914909183979, 0.0, -0.57390999794, 0.771634221077, -0.274240583181, 0.0, -0.813797712326, -0.5, 0.296198010445, 0.0, -1.0, 2.0, 3.0, 1.0
0.305179148912, 0.393167316914, 0.867343723774, 0.0, -0.622480988503, 0.771634280682, -0.130759194493, 0.0, -0.720682382584, -0.5, 0.480225861073, 0.0, -1.0, 1.0, 3.0, 1.0, 0.0914362296462, 0.393167346716, 0.914909183979, 0.0, -0.57390999794, 0.771634221077, -0.274240583181, 0.0, -0.813797712326, -0.5, 0.296198010445, 0.0, -1.0, 2.0, 3.0, 1.0
0.177724659443, 0.393167346716, 0.902127146721, 0.0, -0.597315251827, 0.771634280682, -0.218620792031, 0.0, -0.782066762447, -0.5, 0.371983289719, 0.0, -1.0, 1.0, 3.0, 1.0, 0.0914362296462, 0.393167346716, 0.914909183979, 0.0, -0.57390999794, 0.771634221077, -0.274240583181, 0.0, -0.813797712326, -0.5, 0.296198010445, 0.0, -1.0, 2.0, 3.0, 1.0
0.0270789284259, 0.393167346716, 0.919068098068, 0.0, -0.553274869919, 0.771634221077, -0.31379532814, 0.0, -0.832558512688, -0.500000059605, 0.238424628973, 0.0, -1.0, 1.0, 3.0, 1.0, 0.0914362296462, 0.393167346716, 0.914909183979, 0.0, -0.57390999794, 0.771634221077, -0.274240583181, 0.0, -0.813797712326, -0.5, 0.296198010445, 0.0, -1.0, 2.0, 3.0, 1.0
-0.109978124499, 0.393167346716, 0.912865936756, 0.0, -0.500423431396, 0.771634280682, -0.392628312111, 0.0, -0.858767271042, -0.5, 0.111887253821, 0.0, -1.0, 1.0, 3.0, 1.0, 0.0914362296462, 0.393167346716, 0.914909183979, 0.0, -0.57390999794, 0.771634221077, -0.274240583181, 0.0, -0.813797712326, -0.5, 0.296198010445, 0.0, -1.0, 2.0, 3.0, 1.0
-0.20074775815, 0.393167346716, 0.897284686565, 0.0, -0.458635300398, 0.771634280682, -0.440720111132, 0.0, -0.865652322769, -0.5, 0.0254165753722, 0.0, -1.0, 1.0, 3.0, 1.0, 0.0914362296462, 0.393167346716, 0.914909183979, 0.0, -0.57390999794, 0.771634221077, -0.274240583181, 0.0, -0.813797712326, -0.5, 0.296198010445, 0.0, -1.0, 2.0, 3.0, 1.0
-0.226344823837, 0.393167346716, 0.89117193222, 0.0, -0.445834577084, 0.771634221077, -0.453665226698, 0.0, -0.866025149822, -0.500000059605, 0.000632185256109, 0.0, -1.0, 1.0, 3.0, 1.0, 0.0914362296462, 0.393167346716, 0.914909183979, 0.0, -0.57390999794, 0.771634221077, -0.274240583181, 0.0, -0.813797712326, -0.5, 0.296198010445, 0.0, -1.0, 2.0, 3.0, 1.0
-0.182090982795, 0.393167346716, 0.901255965233, 0.0, -0.46767911315, 0.771634221077, -0.431111186743, 0.0, -0.864938795567, -0.500000059605, 0.0433685220778, 0.0, -1.0, 1.0, 3.0, 1.0, 0.0914362296462, 0.393167346716, 0.914909183979, 0.0, -0.57390999794, 0.771634221077, -0.274240583181, 0.0, -0.813797712326, -0.5, 0.296198010445, 0.0, -1.0, 2.0, 3.0, 1.0
-0.076275087893, 0.393167346716, 0.916297733784, 0.0, -0.514547467232, 0.771634280682, -0.373927086592, 0.0, -0.854062616825, -0.5, 0.143446788192, 0.0, -1.0, 1.0, 3.0, 1.0, 0.0914362296462, 0.393167346716, 0.914909183979, 0.0, -0.57390999794, 0.771634221077, -0.274240583181, 0.0, -0.813797712326, -0.5, 0.296198010445, 0.0, -1.0, 2.0, 3.0, 1.0
0.0681183263659, 0.393167376518, 0.91694021225, 0.0, -0.56674349308, 0.771634221077, -0.288760125637, 0.0, -0.8210734725, -0.500000059605, 0.275387495756, 0.0, -1.0, 1.0, 3.0, 1.0, 0.0914362296462, 0.393167346716, 0.914909183979, 0.0, -0.57390999794, 0.771634221077, -0.274240583181, 0.0, -0.813797712326, -0.5, 0.296198010445, 0.0, -1.0, 2.0, 3.0, 1.0
0.215929448605, 0.393167316914, 0.89375269413, 0.0, -0.606072366238, 0.771634280682, -0.193020403385, 0.0, -0.765539526939, -0.5, 0.404906392097, 0.0, -1.0, 1.0, 3.0, 1.0, 0.0914362296462, 0.393167346716, 0.914909183979, 0.0, -0.57390999794, 0.771634221077, -0.274240583181, 0.0, -0.813797712326, -0.5, 0.296198010445, 0.0, -1.0, 2.0, 3.0, 1.0
0.331795275211, 0.393167316914, 0.857514619827, 0.0, -0.626219153404, 0.771634280682, -0.111490607262, 0.0, -0.705522119999, -0.5, 0.502233505249, 0.0, -1.0, 1.0, 3.0, 1.0, 0.0914362296462, 0.393167346716, 0.914909183979, 0.0, -0.57390999794, 0.771634221077, -0.274240583181, 0.0, -0.813797712326, -0.5, 0.296198010445, 0.0, -1.0, 2.0, 3.0, 1.0
0.392433971167, 0.393167316914, 0.831513702869, 0.0, -0.632601976395, 0.771634280682, -0.0662970095873, 0.0, -0.6676902771, -0.5, 0.551533937454, 0.0, -1.0, 1.0, 3.0, 1.0, 0.0914362296462, 0.393167346716, 0.914909183979, 0.0, -0.57390999794, 0.771634221077, -0.274240583181, 0.0, -0.813797712326, -0.5, 0.296198010445, 0.0, -1.0, 2.0, 3.0, 1.0
0.388559550047, 0.393167346716, 0.833331227303, 0.0, -0.632286548615, 0.771634280682, -0.0692406669259, 0.0, -0.670250117779, -0.5, 0.548420250416, 0.0, -1.0, 1.0, 3.0, 1.0, 0.0914362296462, 0.393167346716, 0.914909183979, 0.0, -0.57390999794, 0.771634221077, -0.274240583181, 0.0, -0.813797712326, -0.5, 0.296198010445, 0.0, -1.0, 2.0, 3.0, 1.0
0.32068759203, 0.393167346716, 0.861730158329, 0.0, -0.624726235867, 0.771634280682, -0.119572721422, 0.0, -0.711952626705, -0.5, 0.493075489998, 0.0, -1.0, 1.0, 3.0, 1.0, 0.0914362296462, 0.393167346716, 0.914909183979, 0.0, -0.57390999794, 0.771634221077, -0.274240583181, 0.0, -0.813797712326, -0.5, 0.296198010445, 0.0, -1.0, 2.0, 3.0, 1.0
0.199542760849, 0.393167287111, 0.897553443909, 0.0, -0.602439701557, 0.771634280682, -0.204075753689, 0.0, -0.772818922997, -0.5, 0.390833616257, 0.0, -1.0, 1.0, 3.0, 1.0, 0.0914362296462, 0.393167346716, 0.914909183979, 0.0, -0.57390999794, 0.771634221077, -0.274240583181, 0.0, -0.813797712326, -0.5, 0.296198010445, 0.0, -1.0, 2.0, 3.0, 1.0
0.0501591935754, 0.393167287111, 0.918097794056, 0.0, -0.560983359814, 0.771634280682, -0.299796938896, 0.0, -0.82630610466, -0.499999970198, 0.259264856577, 0.0, -1.0, 1.0, 3.0, 1.0, 0.0914362296462, 0.393167346716, 0.914909183979, 0.0, -0.57390999794, 0.771634221077, -0.274240583181, 0.0, -0.813797712326, -0.5, 0.296198010445, 0.0, -1.0, 2.0, 3.0, 1.0
-0.0913538262248, 0.393167346716, 0.91491740942, 0.0, -0.50832015276, 0.771634221077, -0.382349669933, 0.0, -0.856308996677, -0.500000059605, 0.129363149405, 0.0, -1.0, 1.0, 3.0, 1.0, 0.0914362296462, 0.393167346716, 0.914909183979, 0.0, -0.57390999794, 0.771634221077, -0.274240583181, 0.0, -0.813797712326, -0.5, 0.296198010445, 0.0, -1.0, 2.0, 3.0, 1.0
-0.190803229809, 0.393167346716, 0.89945179224, 0.0, -0.463485628366, 0.771634280682, -0.435616374016, 0.0, -0.865318000317, -0.5, 0.0349971055984, 0.0, -1.0, 1.0, 3.0, 1.0, 0.0914362296462, 0.393167346716, 0.914909183979, 0.0, -0.57390999794, 0.771634221077, -0.274240583181, 0.0, -0.813797712326, -0.5, 0.296198010445, 0.0, -1.0, 2.0, 3.0, 1.0
-0.226984679699, 0.393167316914, 0.89100921154, 0.0, -0.445508718491, 0.771634221077, -0.453985244036, 0.0, -0.866025388241, -0.500000059605, 1.03331212813e-05, 0.0, -1.0, 1.0, 3.0, 1.0, 0.0914362296462, 0.393167346716, 0.914909183979, 0.0, -0.57390999794, 0.771634221077, -0.274240583181, 0.0, -0.813797712326, -0.5, 0.296198010445, 0.0, -1.0, 2.0, 3.0, 1.0
-0.193202465773, 0.393167316914, 0.898939549923, 0.0, -0.462321698666, 0.771634280682, -0.436851471663, 0.0, -0.865408241749, -0.5, 0.0326881334186, 0.0, -1.0, 1.0, 3.0, 1.0, 0.0914362296462, 0.393167346716, 0.914909183979, 0.0, -0.57390999794, 0.771634221077, -0.274240583181, 0.0, -0.813797712326, -0.5, 0.296198010445, 0.0, -1.0, 2.0, 3.0, 1.0
-0.0956885814667, 0.393167316914, 0.914474248886, 0.0, -0.506502449512, 0.771634280682, -0.384754270315, 0.0, -0.856912493706, -0.5, 0.125303611159, 0.0, -1.0, 1.0, 3.0, 1.0, 0.0914362296462, 0.393167346716, 0.914909183979, 0.0, -0.57390999794, 0.771634221077, -0.274240583181, 0.0, -0.813797712326, -0.5, 0.296198010445, 0.0, -1.0, 2.0, 3.0, 1.0
0.0448805764318, 0.393167346716, 0.918370962143, 0.0, -0.559250712395, 0.771634280682, -0.303016871214, 0.0, -0.827782809734, -0.5, 0.254510492086, 0.0, -1.0, 1.0, 3.0, 1.0, 0.0914362296462, 0.393167346716, 0.914909183979, 0.0, -0.57390999794, 0.771634221077, -0.274240583181, 0.0, -0.813797712326, -0.5, 0.296198010445, 0.0, -1.0, 2.0, 3.0, 1.0
0.19462877512, 0.393167316914, 0.898631811142, 0.0, -0.601314127445, 0.771634221077, -0.207368955016, 0.0, -0.774945735931, -0.500000059605, 0.386599302292, 0.0, -1.0, 1.0, 3.0, 1.0, 0.0914362296462, 0.393167346716, 0.914909183979, 0.0, -0.57390999794, 0.771634221077, -0.274240583181, 0.0, -0.813797712326, -0.5, 0.296198010445, 0.0, -1.0, 2.0, 3.0, 1.0
0.31726488471, 0.393167346716, 0.862996220589, 0.0, -0.624246776104, 0.771634280682, -0.122051276267, 0.0, -0.71390402317, -0.5, 0.490245908499, 0.0, -1.0, 1.0, 3.0, 1.0, 0.0914362296462, 0.393167346716, 0.914909183979, 0.0, -0.57390999794, 0.771634221077, -0.274240583181, 0.0, -0.813797712326, -0.5, 0.296198010445, 0.0, -1.0, 2.0, 3.0, 1.0
0.387244075537, 0.393167287111, 0.833943367004, 0.0, -0.63217651844, 0.771634280682, -0.0702382922173, 0.0, -0.671114683151, -0.5, 0.547361910343, 0.0, -1.0, 1.0, 3.0, 1.0, 0.0914362296462, 0.393167346716, 0.914909183979, 0.0, -0.57390999794, 0.771634221077, -0.274240583181, 0.0, -0.813797712326, -0.5, 0.296198010445, 0.0, -1.0, 2.0, 3.0, 1.0
0.393403679132, 0.393167316914, 0.831055343151, 0.0, -0.632678925991, 0.771634280682, -0.0655590221286, 0.0, -0.667046427727, -0.500000059605, 0.55231243372, 0.0, -1.0, 1.0, 3.0, 1.0, 0.0914362296462, 0.393167346716, 0.914909183979, 0.0, -0.57390999794, 0.771634221077, -0.274240583181, 0.0, -0.813797712326, -0.5, 0.296198010445, 0.0, -1.0, 2.0, 3.0, 1.0
0.334922492504, 0.393167316914, 0.856298089027, 0.0, -0.626621842384, 0.771634280682, -0.109204530716, 0.0, -0.703684568405, -0.5, 0.504804909229, 0.0, -1.0, 1.0, 3.0, 1.0, 0.0914362296462, 0.393167346716, 0.914909183979, 0.0, -0.57390999794, 0.771634221077, -0.274240583181, 0.0, -0.813797712326, -0.5, 0.296198010445, 0.0, -1.0, 2.0, 3.0, 1.0
0.220677167177, 0.393167316914, 0.892592310905, 0.0, -0.607089817524, 0.771634280682, -0.189796060324, 0.0, -0.763376414776, -0.500000059605, 0.408969938755, 0.0, -1.0, 1.0, 3.0, 1.0, 0.0914362296462, 0.393167346716, 0.914909183979, 0.0, -0.57390999794, 0.771634221077, -0.274240583181, 0.0, -0.813797712326, -0.5, 0.296198010445, 0.0, -1.0, 2.0, 3.0, 1.0
0.0734275504947, 0.393167316914, 0.916530370712, 0.0, -0.568406283855, 0.771634280682, -0.285473018885, 0.0, -0.819464921951, -0.5, 0.280137985945, 0.0, -1.0, 1.0, 3.0, 1.0, 0.0914362296462, 0.393167346716, 0.914909183979, 0.0, -0.57390999794, 0.771634221077, -0.274240583181, 0.0, -0.813797712326, -0.5, 0.296198010445, 0.0, -1.0, 2.0, 3.0, 1.0
-0.0717195868492, 0.393167316914, 0.916665554047, 0.0, -0.516399741173, 0.771634280682, -0.371364831924, 0.0, -0.853339076042, -0.5, 0.147690221667, 0.0, -1.0, 1.0, 3.0, 1.0, 0.0914362296462, 0.393167346716, 0.914909183979, 0.0, -0.57390999794, 0.771634221077, -0.274240583181, 0.0, -0.813797712326, -0.5, 0.296198010445, 0.0, -1.0, 2.0, 3.0, 1.0
-0.179353296757, 0.393167316914, 0.901804804802, 0.0, -0.468986093998, 0.771634280682, -0.429688960314, 0.0, -0.864803135395, -0.500000059605, 0.0459948517382, 0.0, -1.0, 1.0, 3.0, 1.0, 0.0914362296462, 0.393167346716, 0.914909183979, 0.0, -0.57390999794, 0.771634221077, -0.274240583181, 0.0, -0.813797712326, -0.5, 0.296198010445, 0.0, -1.0, 2.0, 3.0, 1.0
-0.225967615843, 0.393167346716, 0.89126765728, 0.0, -0.446026563644, 0.771634221077, -0.45347648859, 0.0, -0.866024792194, -0.500000059605, 0.000998723087832, 0.0, -1.0, 1.0, 3.0, 1.0, 0.0914362296462, 0.393167346716, 0.914909183979, 0.0, -0.57390999794, 0.771634221077, -0.274240583181, 0.0, -0.813797712326, -0.5, 0.296198010445, 0.0, -1.0, 2.0, 3.0, 1.0
-0.2027977705, 0.393167316914, 0.896823585033, 0.0, -0.457626998425, 0.771634221077, -0.441767066717, 0.0, -0.865708172321, -0.500000059605, 0.0234382785857, 0.0, -1.0, 1.0, 3.0, 1.0, 0.0914362296462, 0.393167346716, 0.914909183979, 0.0, -0.57390999794, 0.771634221077, -0.274240583181, 0.0, -0.813797712326, -0.5, 0.296198010445, 0.0, -1.0, 2.0, 3.0, 1.0
-0.114068493247, 0.393167287111, 0.912363886833, 0.0, -0.498658627272, 0.771634280682, -0.39486721158, 0.0, -0.85926014185, -0.5, 0.108037106693, 0.0, -1.0, 1.0, 3.0, 1.0, 0.0914362296462, 0.393167346716, 0.914909183979, 0.0, -0.57390999794, 0.771634221077, -0.274240583181, 0.0, -0.813797712326, -0.5, 0.296198010445, 0.0, -1.0, 2.0, 3.0, 1.0
0.0218626148999, 0.393167287111, 0.919206976891, 0.0, -0.551485061646, 0.771634280682, -0.31693020463, 0.0, -0.833898246288, -0.5, 0.233695834875, 0.0, -1.0, 1.0, 3.0, 1.0, 0.0914362296462, 0.393167346716, 0.914909183979, 0.0, -0.57390999794, 0.771634221077, -0.274240583181, 0.0, -0.813797712326, -0.5, 0.296198010445, 0.0, -1.0, 2.0, 3.0, 1.0
0.172671720386, 0.393167287111, 0.903107941151, 0.0, -0.596082031727, 0.771634280682, -0.22196111083, 0.0, -0.784136891365, -0.5, 0.367599368095, 0.0, -1.0, 1.0, 3.0, 1.0, 0.0914362296462, 0.393167346716, 0.914909183979, 0.0, -0.57390999794, 0.771634221077, -0.274240583181, 0.0, -0.813797712326, -0.5, 0.296198010445, 0.0, -1.0, 2.0, 3.0, 1.0
0.301475167274, 0.393167376518, 0.86863809824, 0.0, -0.621917366982, 0.771634221077, -0.133414313197, 0.0, -0.72272503376, -0.500000059605, 0.477146178484, 0.0, -1.0, 1.0, 3.0, 1.0, 0.0914362296462, 0.393167346716, 0.914909183979, 0.0, -0.57390999794, 0.771634221077, -0.274240583181, 0.0, -0.813797712326, -0.5, 0.296198010445, 0.0, -1.0, 2.0, 3.0, 1.0
0.380545854568, 0.393167316914, 0.837021112442, 0.0, -0.631593108177, 0.771634221077, -0.0753042027354, 0.0, -0.675481259823, -0.500000059605, 0.541963994503, 0.0, -1.0, 1.0, 3.0, 1.0, 0.0914362296462, 0.393167346716, 0.914909183979, 0.0, -0.57390999794, 0.771634221077, -0.274240583181, 0.0, -0.813797712326, -0.5, 0.296198010445, 0.0, -1.0, 2.0, 3.0, 1.0
0.396721988916, 0.393167316914, 0.829476416111, 0.0, -0.63293582201, 0.771634280682, -0.0630298852921, 0.0, -0.664833724499, -0.5, 0.554973959923, 0.0, -1.0, 1.0, 3.0, 1.0, 0.0914362296462, 0.393167346716, 0.914909183979, 0.0, -0.57390999794, 0.771634221077, -0.274240583181, 0.0, -0.813797712326, -0.5, 0.296198010445, 0.0, -1.0, 2.0, 3.0, 1.0
0.347827523947, 0.393167346716, 0.851137757301, 0.0, -0.628200948238, 0.771634221077, -0.0997204259038, 0.0, -0.695973813534, -0.5, 0.515383720398, 0.0, -1.0, 1.0, 3.0, 1.0, 0.0914362296462, 0.393167346716, 0.914909183979, 0.0, -0.57390999794, 0.771634221077, -0.274240583181, 0.0, -0.813797712326, -0.5, 0.296198010445, 0.0, -1.0, 2.0, 3.0, 1.0
0.241014063358, 0.393167316914, 0.887317121029, 0.0, -0.611267864704, 0.771634280682, -0.175875365734, 0.0, -0.753832757473, -0.5, 0.426305264235, 0.0, -1.0, 1.0, 3.0, 1.0, 0.0914362296462, 0.393167346716, 0.914909183979, 0.0, -0.57390999794, 0.771634221077, -0.274240583181, 0.0, -0.813797712326, -0.5, 0.296198010445, 0.0, -1.0, 2.0, 3.0, 1.0
0.0967443659902, 0.393167316914, 0.914363145828, 0.0, -0.575491905212, 0.771634280682, -0.270905226469, 0.0, -0.812065005302, -0.500000059605, 0.30091586709, 0.0, -1.0, 1.0, 3.0, 1.0, 0.0914362296462, 0.393167346716, 0.914909183979, 0.0, -0.57390999794, 0.771634221077, -0.274240583181, 0.0, -0.813797712326, -0.5, 0.296198010445, 0.0, -1.0, 2.0, 3.0, 1.0
-0.0511835701764, 0.393167346716, 0.918041229248, 0.0, -0.524582803249, 0.771634221077, -0.359713047743, 0.0, -0.849819481373, -0.5, 0.166753843427, 0.0, -1.0, 1.0, 3.0, 1.0, 0.0914362296462, 0.393167346716, 0.914909183979, 0.0, -0.57390999794, 0.771634221077, -0.274240583181, 0.0, -0.813797712326, -0.5, 0.296198010445, 0.0, -1.0, 2.0, 3.0, 1.0
-0.166449323297, 0.393167316914, 0.904275417328, 0.0, -0.475077927113, 0.771634280682, -0.422943890095, 0.0, -0.864057600498, -0.500000059605, 0.0583471208811, 0.0, -1.0, 1.0, 3.0, 1.0, 0.0914362296462, 0.393167346716, 0.914909183979, 0.0, -0.57390999794, 0.771634221077, -0.274240583181, 0.0, -0.813797712326, -0.5, 0.296198010445, 0.0, -1.0, 2.0, 3.0, 1.0
-0.223298236728, 0.393167287111, 0.891940236092, 0.0, -0.447382211685, 0.771634280682, -0.452139079571, 0.0, -0.86601793766, -0.500000059605, 0.00359147670679, 0.0, -1.0, 1.0, 3.0, 1.0, 0.0914362296462, 0.393167346716, 0.914909183979, 0.0, -0.57390999794, 0.771634221077, -0.274240583181, 0.0, -0.813797712326, -0.5, 0.296198010445, 0.0, -1.0, 2.0, 3.0, 1.0
-0.210835307837, 0.393167316914, 0.894968092442, 0.0, -0.453645288944, 0.771634280682, -0.44585481286, 0.0, -0.865883588791, -0.5, 0.0156707596034, 0.0, -1.0, 1.0, 3.0, 1.0, 0.0914362296462, 0.393167346716, 0.914909183979, 0.0, -0.57390999794, 0.771634221077, -0.274240583181, 0.0, -0.813797712326, -0.5, 0.296198010445, 0.0, -1.0, 2.0, 3.0, 1.0
-0.131316766143, 0.393167316914, 0.91004139185, 0.0, -0.491095483303, 0.771634221077, -0.404234856367, 0.0, -0.8611510396, -0.500000059605, 0.0917541831732, 0.0, -1.0, 1.0, 3.0, 1.0, 0.0914362296462, 0.393167346716, 0.914909183979, 0.0, -0.57390999794, 0.771634221077, -0.274240583181, 0.0, -0.813797712326, -0.5, 0.296198010445, 0.0, -1.0, 2.0, 3.0, 1.0
-0.00079773075413, 0.393167346716, 0.919466614723, 0.0, -0.543506920338, 0.771634221077, -0.330425232649, 0.0, -0.839404344559, -0.5, 0.213073611259, 0.0, -1.0, 1.0, 3.0, 1.0, 0.0914362296462, 0.393167346716, 0.914909183979, 0.0, -0.57390999794, 0.771634221077, -0.274240583181, 0.0, -0.813797712326, -0.5, 0.296198010445, 0.0, -1.0, 2.0, 3.0, 1.0
0.150180518627, 0.393167287111, 0.907119214535, 0.0, -0.590383350849, 0.771634280682, -0.236702367663, 0.0, -0.793027937412, -0.500000059605, 0.348003864288, 0.0, -1.0, 1.0, 3.0, 1.0, 0.0914362296462, 0.393167346716, 0.914909183979, 0.0, -0.57390999794, 0.771634221077, -0.274240583181, 0.0, -0.813797712326, -0.5, 0.296198010445, 0.0, -1.0, 2.0, 3.0, 1.0
0.28449383378, 0.393167346716, 0.874347031116, 0.0, -0.619199931622, 0.771634280682, -0.145506113768, 0.0, -0.731884360313, -0.5, 0.462974369526, 0.0, -1.0, 1.0, 3.0, 1.0, 0.0914362296462, 0.393167346716, 0.914909183979, 0.0, -0.57390999794, 0.771634221077, -0.274240583181, 0.0, -0.813797712326, -0.5, 0.296198010445, 0.0, -1.0, 2.0, 3.0, 1.0
0.372359067202, 0.393167346716, 0.840695023537, 0.0, -0.630828082561, 0.771634280682, -0.0814645215869, 0.0, -0.680738270283, -0.5, 0.535346031189, 0.0, -1.0, 1.0, 3.0, 1.0, 0.0914362296462, 0.393167346716, 0.914909183979, 0.0, -0.57390999794, 0.771634221077, -0.274240583181, 0.0, -0.813797712326, -0.5, 0.296198010445, 0.0, -1.0, 2.0, 3.0, 1.0
0.398505687714, 0.393167346716, 0.828620910645, 0.0, -0.633069992065, 0.771634280682, -0.06166799739, 0.0, -0.663638114929, -0.5, 0.556403100491, 0.0, -1.0, 1.0, 3.0, 1.0, 0.0914362296462, 0.393167346716, 0.914909183979, 0.0, -0.57390999794, 0.771634221077, -0.274240583181, 0.0, -0.813797712326, -0.5, 0.296198010445, 0.0, -1.0, 2.0, 3.0, 1.0
0.359353661537, 0.393167346716, 0.846335887909, 0.0, -0.629497170448, 0.771634221077, -0.0911804437637, 0.0, -0.688910901546, -0.5, 0.524787306786, 0.0, -1.0, 1.0, 3.0, 1.0, 0.0914362296462, 0.393167346716, 0.914909183979, 0.0, -0.57390999794, 0.771634221077, -0.274240583181, 0.0, -0.813797712326, -0.5, 0.296198010445, 0.0, -1.0, 2.0, 3.0, 1.0
0.260447412729, 0.393167316914, 0.881808698177, 0.0, -0.614983797073, 0.771634280682, -0.16240529716, 0.0, -0.744286298752, -0.500000059605, 0.442761689425, 0.0, -1.0, 1.0, 3.0, 1.0, 0.0914362296462, 0.393167346716, 0.914909183979, 0.0, -0.57390999794, 0.771634221077, -0.274240583181, 0.0, -0.813797712326, -0.5, 0.296198010445, 0.0, -1.0, 2.0, 3.0, 1.0
0.119970239699, 0.393167257309, 0.911606609821, 0.0, -0.582196235657, 0.771634280682, -0.256179720163, 0.0, -0.804148435593, -0.5, 0.321473658085, 0.0, -1.0, 1.0, 3.0, 1.0, 0.0914362296462, 0.393167346716, 0.914909183979, 0.0, -0.57390999794, 0.771634221077, -0.274240583181, 0.0, -0.813797712326, -0.5, 0.296198010445, 0.0, -1.0, 2.0, 3.0, 1.0
-0.0298620071262, 0.393167287111, 0.918981909752, 0.0, -0.53279042244, 0.771634280682, -0.347440510988, 0.0, -0.845720171928, -0.5, 0.186433210969, 0.0, -1.0, 1.0, 3.0, 1.0, 0.0914362296462, 0.393167346716, 0.914909183979, 0.0, -0.57390999794, 0.771634221077, -0.274240583181, 0.0, -0.813797712326, -0.5, 0.296198010445, 0.0, -1.0, 2.0, 3.0, 1.0
-0.152151226997, 0.393167346716, 0.906790733337, 0.0, -0.481696456671, 0.771634221077, -0.415390312672, 0.0, -0.86302870512, -0.500000059605, 0.0719822198153, 0.0, -1.0, 1.0, 3.0, 1.0, 0.0914362296462, 0.393167346716, 0.914909183979, 0.0, -0.57390999794, 0.771634221077, -0.274240583181, 0.0, -0.813797712326, -0.5, 0.296198010445, 0.0, -1.0, 2.0, 3.0, 1.0
-0.218986704946, 0.393167316914, 0.89300853014, 0.0, -0.449561238289, 0.771634280682, -0.449972510338, 0.0, -0.865990459919, -0.5, 0.00777513813227, 0.0, -1.0, 1.0, 3.0, 1.0, 0.0914362296462, 0.393167346716, 0.914909183979, 0.0, -0.57390999794, 0.771634221077, -0.274240583181, 0.0, -0.813797712326, -0.5, 0.296198010445, 0.0, -1.0, 2.0, 3.0, 1.0
-0.217281416059, 0.393167316914, 0.893424987793, 0.0, -0.450419455767, 0.771634280682, -0.44911339879, 0.0, -0.865974068642, -0.5, 0.00942840892822, 0.0, -1.0, 1.0, 3.0, 1.0, 0.0914362296462, 0.393167346716, 0.914909183979, 0.0, -0.57390999794, 0.771634221077, -0.274240583181, 0.0, -0.813797712326, -0.5, 0.296198010445, 0.0, -1.0, 2.0, 3.0, 1.0
-0.147343665361, 0.393167346716, 0.907584309578, 0.0, -0.483891040087, 0.771634221077, -0.412831783295, 0.0, -0.862635076046, -0.500000059605, 0.0765547379851, 0.0, -1.0, 1.0, 3.0, 1.0, 0.0914362296462, 0.393167346716, 0.914909183979, 0.0, -0.57390999794, 0.771634221077, -0.274240583181, 0.0, -0.813797712326, -0.5, 0.296198010445, 0.0, -1.0, 2.0, 3.0, 1.0
-0.0229655820876, 0.393167346716, 0.919180095196, 0.0, -0.535382449627, 0.771634280682, -0.343432962894, 0.0, -0.844297468662, -0.5, 0.192773863673, 0.0, -1.0, 1.0, 3.0, 1.0, 0.0914362296462, 0.393167346716, 0.914909183979, 0.0, -0.57390999794, 0.771634221077, -0.274240583181, 0.0, -0.813797712326, -0.5, 0.296198010445, 0.0, -1.0, 2.0, 3.0, 1.0
0.127284228802, 0.393167376518, 0.910614132881, 0.0, -0.584233999252, 0.771634221077, -0.251497983932, 0.0, -0.801541864872, -0.500000059605, 0.327918618917, 0.0, -1.0, 1.0, 3.0, 1.0, 0.0914362296462, 0.393167346716, 0.914909183979, 0.0, -0.57390999794, 0.771634221077, -0.274240583181, 0.0, -0.813797712326, -0.5, 0.296198010445, 0.0, -1.0, 2.0, 3.0, 1.0
0.0713241845369, 0.380007654428, 0.922229409218, 0.0, -0.61338198185, 0.745806992054, -0.25987392664, 0.0, -0.786559224129, -0.547143638134, 0.286283940077, 0.0, -1.0, 1.0, 3.0, 1.0, 0.0914362296462, 0.393167346716, 0.914909183979, 0.0, -0.57390999794, 0.771634221077, -0.274240583181, 0.0, -0.813797712326, -0.5, 0.296198010445, 0.0, -1.0, 2.0, 3.0, 1.0
0.019865674898, 0.337937861681, 0.940958738327, 0.0, -0.714375078678, 0.663240373135, -0.223115503788, 0.0, -0.699480950832, -0.667765140533, 0.25459009409, 0.0, -1.0, 1.0, 3.0, 1.0, 0.0914362296462, 0.393167346716, 0.914909183979, 0.0, -0.57390999794, 0.771634221077, -0.274240583181, 0.0, -0.813797712326, -0.5, 0.296198010445, 0.0, -1.0, 2.0, 3.0, 1.0
-0.0120684094727, 0.304043114185, 0.952581822872, 0.0, -0.777049481869, 0.596718072891, -0.200303822756, 0.0, -0.629323780537, -0.742620587349, 0.229055121541, 0.0, -1.0, 1.0, 3.0, 1.0, 0.0914362296462, 0.393167346716, 0.914909183979, 0.0, -0.57390999794, 0.771634221077, -0.274240583181, 0.0, -0.813797712326, -0.5, 0.296198010445, 0.0, -1.0, 2.0, 3.0, 1.0
-0.0220391750336, 0.291847676039, 0.956210851669, 0.0, -0.796617984772, 0.57278329134, -0.193181529641, 0.0, -0.60408115387, -0.765992343426, 0.219867438078, 0.0, -1.0, 1.0, 3.0, 1.0, 0.0914362296462, 0.393167346716, 0.914909183979, 0.0, -0.57390999794, 0.771634221077, -0.274240583181, 0.0, -0.813797712326, -0.5, 0.296198010445, 0.0, -1.0, 2.0, 3.0, 1.0
-0.0100839966908, 0.306368649006, 0.951859533787, 0.0, -0.773154616356, 0.60128223896, -0.201721489429, 0.0, -0.634137392044, -0.737968742847, 0.230807006359, 0.0, -1.0, 1.0, 3.0, 1.0, 0.0914362296462, 0.393167346716, 0.914909183979, 0.0, -0.57390999794, 0.771634221077, -0.274240583181, 0.0, -0.813797712326, -0.5, 0.296198010445, 0.0, -1.0, 2.0, 3.0, 1.0
0.0237898491323, 0.341637998819, 0.939530491829, 0.0, -0.706673562527, 0.670502245426, -0.225918576121, 0.0, -0.707139670849, -0.658566772938, 0.257377684116, 0.0, -1.0, 1.0, 3.0, 1.0, 0.0914362296462, 0.393167346716, 0.914909183979, 0.0, -0.57390999794, 0.771634221077, -0.274240583181, 0.0, -0.813797712326, -0.5, 0.296198010445, 0.0, -1.0, 2.0, 3.0, 1.0
0.0766736119986, 0.383668452501, 0.920282363892, 0.0, -0.602883279324, 0.75299179554, -0.263695120811, 0.0, -0.794136583805, -0.534604430199, 0.289041906595, 0.0, -1.0, 1.0, 3.0, 1.0, 0.0914362296462, 0.393167346716, 0.914909183979, 0.0, -0.57390999794, 0.771634221077, -0.274240583181, 0.0, -0.813797712326, -0.5, 0.296198010445, 0.0, -1.0, 2.0, 3.0, 1.0
0.138567686081, 0.418133199215, 0.897754788399, 0.0, -0.481409341097, 0.820632457733, -0.307908028364, 0.0, -0.865473270416, -0.389521449804, 0.315006375313, 0.0, -1.0, 1.0, 3.0, 1.0, 0.0914362296462, 0.393167346716, 0.914909183979, 0.0, -0.57390999794, 0.771634221077, -0.274240583181, 0.0, -0.813797712326, -0.5, 0.296198010445, 0.0, -1.0, 2.0, 3.0, 1.0
0.193489089608, 0.438281327486, 0.877765059471, 0.0, -0.373619765043, 0.860175549984, -0.347140222788, 0.0, -0.907177090645, -0.260782510042, 0.33018514514, 0.0, -1.0, 1.0, 3.0, 1.0, 0.0914362296462, 0.393167346716, 0.914909183979, 0.0, -0.57390999794, 0.771634221077, -0.274240583181, 0.0, -0.813797712326, -0.5, 0.296198010445, 0.0, -1.0, 2.0, 3.0, 1.0
0.225968763232, 0.446183949709, 0.865943431854, 0.0, -0.309874981642, 0.875685334206, -0.370341360569, 0.0, -0.923534333706, -0.184648618102, 0.336138784885, 0.0, -1.0, 1.0, 3.0, 1.0, 0.0914362296462, 0.393167346716, 0.914909183979, 0.0, -0.57390999794, 0.771634221077, -0.274240583181, 0.0, -0.813797712326, -0.5, 0.296198010445, 0.0, -1.0, 2.0, 3.0, 1.0
0.227003455162, 0.446389466524, 0.865566790104, 0.0, -0.307844489813, 0.876088500023, -0.371080458164, 0.0, -0.923959493637, -0.182223439217, 0.336293667555, 0.0, -1.0, 1.0, 3.0, 1.0, 0.0914362296462, 0.393167346716, 0.914909183979, 0.0, -0.57390999794, 0.771634221077, -0.274240583181, 0.0, -0.813797712326, -0.5, 0.296198010445, 0.0, -1.0, 2.0, 3.0, 1.0
0.196312487125, 0.439081907272, 0.876737415791, 0.0, -0.368078947067, 0.861746668816, -0.349156856537, 0.0, -0.908834040165, -0.254164755344, 0.330788433552, 0.0, -1.0, 1.0, 3.0, 1.0, 0.0914362296462, 0.393167346716, 0.914909183979, 0.0, -0.57390999794, 0.771634221077, -0.274240583181, 0.0, -0.813797712326, -0.5, 0.296198010445, 0.0, -1.0, 2.0, 3.0, 1.0
0.142385527492, 0.419828295708, 0.896365225315, 0.0, -0.473916381598, 0.823959350586, -0.310635209084, 0.0, -0.868981957436, -0.380572199821, 0.316283404827, 0.0, -1.0, 1.0, 3.0, 1.0, 0.0914362296462, 0.393167346716, 0.914909183979, 0.0, -0.57390999794, 0.771634221077, -0.274240583181, 0.0, -0.813797712326, -0.5, 0.296198010445, 0.0, -1.0, 2.0, 3.0, 1.0
0.0804259479046, 0.386165648699, 0.918916642666, 0.0, -0.595518767834, 0.757892727852, -0.266375601292, 0.0, -0.799305379391, -0.525808572769, 0.290923148394, 0.0, -1.0, 1.0, 3.0, 1.0, 0.0914362296462, 0.393167346716, 0.914909183979, 0.0, -0.57390999794, 0.771634221077, -0.274240583181, 0.0, -0.813797712326, -0.5, 0.296198010445, 0.0, -1.0, 2.0, 3.0, 1.0
0.0266026742756, 0.344234645367, 0.938506662846, 0.0, -0.701153039932, 0.675598502159, -0.227927908301, 0.0, -0.712514400482, -0.651973307133, 0.259333878756, 0.0, -1.0, 1.0, 3.0, 1.0, 0.0914362296462, 0.393167346716, 0.914909183979, 0.0, -0.57390999794, 0.771634221077, -0.274240583181, 0.0, -0.813797712326, -0.5, 0.296198010445, 0.0, -1.0, 2.0, 3.0, 1.0
-0.00860332418233, 0.30808287859, 0.951320648193, 0.0, -0.770248651505, 0.604646682739, -0.202779144049, 0.0, -0.637685656548, -0.734498023987, 0.232098460197, 0.0, -1.0, 1.0, 3.0, 1.0, 0.0914362296462, 0.393167346716, 0.914909183979, 0.0, -0.57390999794, 0.771634221077, -0.274240583181, 0.0, -0.813797712326, -0.5, 0.296198010445, 0.0, -1.0, 2.0, 3.0, 1.0
-0.0219347663224, 0.29197999835, 0.956172883511, 0.0, -0.796413123608, 0.573042929173, -0.193256065249, 0.0, -0.604354977608, -0.765747666359, 0.219967141747, 0.0, -1.0, 1.0, 3.0, 1.0, 0.0914362296462, 0.393167346716, 0.914909183979, 0.0, -0.57390999794, 0.771634221077, -0.274240583181, 0.0, -0.813797712326, -0.5, 0.296198010445, 0.0, -1.0, 2.0, 3.0, 1.0
-0.0133375739679, 0.30253881216, 0.953043758869, 0.0, -0.779540240765, 0.593765735626, -0.199397310615, 0.0, -0.626210153103, -0.745595395565, 0.227921783924, 0.0, -1.0, 1.0, 3.0, 1.0, 0.0914362296462, 0.393167346716, 0.914909183979, 0.0, -0.57390999794, 0.771634221077, -0.274240583181, 0.0, -0.813797712326, -0.5, 0.296198010445, 0.0, -1.0, 2.0, 3.0, 1.0
0.0172431729734, 0.335413336754, 0.941913247108, 0.0, -0.719522058964, 0.658285617828, -0.221242159605, 0.0, -0.694255530834, -0.673912405968, 0.252688229084, 0.0, -1.0, 1.0, 3.0, 1.0, 0.0914362296462, 0.393167346716, 0.914909183979, 0.0, -0.57390999794, 0.771634221077, -0.274240583181, 0.0, -0.813797712326, -0.5, 0.296198010445, 0.0, -1.0, 2.0, 3.0, 1.0
0.0676694065332, 0.377436697483, 0.923559606075, 0.0, -0.620555043221, 0.740761160851, -0.257263153791, 0.0, -0.781237661839, -0.555710732937, 0.284347116947, 0.0, -1.0, 1.0, 3.0, 1.0, 0.0914362296462, 0.393167346716, 0.914909183979, 0.0, -0.57390999794, 0.771634221077, -0.274240583181, 0.0, -0.813797712326, -0.5, 0.296198010445, 0.0, -1.0, 2.0, 3.0, 1.0
0.129132032394, 0.413742929697, 0.901189029217, 0.0, -0.499927729368, 0.812016069889, -0.301167905331, 0.0, -0.856386125088, -0.411638975143, 0.31169885397, 0.0, -1.0, 1.0, 3.0, 1.0, 0.0914362296462, 0.393167346716, 0.914909183979, 0.0, -0.57390999794, 0.771634221077, -0.274240583181, 0.0, -0.813797712326, -0.5, 0.296198010445, 0.0, -1.0, 2.0, 3.0, 1.0
0.186218589544, 0.436117678881, 0.880411267281, 0.0, -0.387889146805, 0.855929076672, -0.341946601868, 0.0, -0.902698516846, -0.277825146914, 0.328555226326, 0.0, -1.0, 1.0, 3.0, 1.0, 0.0914362296462, 0.393167346716, 0.914909183979, 0.0, -0.57390999794, 0.771634221077, -0.274240583181, 0.0, -0.813797712326, -0.5, 0.296198010445, 0.0, -1.0, 2.0, 3.0, 1.0
0.222913861275, 0.445560902357, 0.867055296898, 0.0, -0.315870761871, 0.874462425709, -0.368159115314, 0.0, -0.922244608402, -0.191809639335, 0.335669457912, 0.0, -1.0, 1.0, 3.0, 1.0, 0.0914362296462, 0.393167346716, 0.914909183979, 0.0, -0.57390999794, 0.771634221077, -0.274240583181, 0.0, -0.813797712326, -0.5, 0.296198010445, 0.0, -1.0, 2.0, 3.0, 1.0
0.228995278478, 0.446777075529, 0.86484181881, 0.0, -0.303935229778, 0.876849293709, -0.37250328064, 0.0, -0.924761891365, -0.177554413676, 0.336585640907, 0.0, -1.0, 1.0, 3.0, 1.0, 0.0914362296462, 0.393167346716, 0.914909183979, 0.0, -0.57390999794, 0.771634221077, -0.274240583181, 0.0, -0.813797712326, -0.5, 0.296198010445, 0.0, -1.0, 2.0, 3.0, 1.0
0.202812314034, 0.440841645002, 0.874371647835, 0.0, -0.355322182178, 0.865200400352, -0.353799968958, 0.0, -0.912476480007, -0.23892866075, 0.332114130259, 0.0, -1.0, 1.0, 3.0, 1.0, 0.0914362296462, 0.393167346716, 0.914909183979, 0.0, -0.57390999794, 0.771634221077, -0.274240583181, 0.0, -0.813797712326, -0.5, 0.296198010445, 0.0, -1.0, 2.0, 3.0, 1.0
0.151571720839, 0.42371955514, 0.893021702766, 0.0, -0.455887436867, 0.831596374512, -0.317197233438, 0.0, -0.877036273479, -0.359039247036, 0.319214910269, 0.0, -1.0, 1.0, 3.0, 1.0, 0.0914362296462, 0.393167346716, 0.914909183979, 0.0, -0.57390999794, 0.771634221077, -0.274240583181, 0.0, -0.813797712326, -0.5, 0.296198010445, 0.0, -1.0, 2.0, 3.0, 1.0
0.0897301062942, 0.392113447189, 0.915530204773, 0.0, -0.57725828886, 0.769566059113, -0.27302184701, 0.0, -0.81161648035, -0.503999114037, 0.295403987169, 0.0, -1.0, 1.0, 3.0, 1.0, 0.0914362296462, 0.393167346716, 0.914909183979, 0.0, -0.57390999794, 0.771634221077, -0.274240583181, 0.0, -0.813797712326, -0.5, 0.296198010445, 0.0, -1.0, 2.0, 3.0, 1.0
0.0337898097932, 0.35066601634, 0.9358907938, 0.0, -0.687047481537, 0.688220798969, -0.233061850071, 0.0, -0.725826382637, -0.63512635231, 0.264179050922, 0.0, -1.0, 1.0, 3.0, 1.0, 0.0914362296462, 0.393167346716, 0.914909183979, 0.0, -0.57390999794, 0.771634221077, -0.274240583181, 0.0, -0.813797712326, -0.5, 0.296198010445, 0.0, -1.0, 2.0, 3.0, 1.0
-0.00462173949927, 0.31260663271, 0.94987142086, 0.0, -0.762434303761, 0.613525032997, -0.205623373389, 0.0, -0.647049129009, -0.725164890289, 0.235506460071, 0.0, -1.0, 1.0, 3.0, 1.0, 0.0914362296462, 0.393167346716, 0.914909183979, 0.0, -0.57390999794, 0.771634221077, -0.274240583181, 0.0, -0.813797712326, -0.5, 0.296198010445, 0.0, -1.0, 2.0, 3.0, 1.0
-0.0213200896978, 0.292756944895, 0.955949187279, 0.0, -0.795206904411, 0.574567854404, -0.193695038557, 0.0, -0.605963230133, -0.76430696249, 0.220552504063, 0.0, -1.0, 1.0, 3.0, 1.0, 0.0914362296462, 0.393167346716, 0.914909183979, 0.0, -0.57390999794, 0.771634221077, -0.274240583181, 0.0, -0.813797712326, -0.5, 0.296198010445, 0.0, -1.0, 2.0, 3.0, 1.0
-0.0160745400935, 0.299248129129, 0.954039931297, 0.0, -0.784911751747, 0.58730751276, -0.197442248464, 0.0, -0.61939907074, -0.752010941505, 0.225442677736, 0.0, -1.0, 1.0, 3.0, 1.0, 0.0914362296462, 0.393167346716, 0.914909183979, 0.0, -0.57390999794, 0.771634221077, -0.274240583181, 0.0, -0.813797712326, -0.5, 0.296198010445, 0.0, -1.0, 2.0, 3.0, 1.0
0.0111740184948, 0.329406052828, 0.944122254848, 0.0, -0.731433391571, 0.646495699883, -0.216906800866, 0.0, -0.681821346283, -0.688138782978, 0.248162537813, 0.0, -1.0, 1.0, 3.0, 1.0, 0.0914362296462, 0.393167346716, 0.914909183979, 0.0, -0.57390999794, 0.771634221077, -0.274240583181, 0.0, -0.813797712326, -0.5, 0.296198010445, 0.0, -1.0, 2.0, 3.0, 1.0
0.058937266469, 0.371057093143, 0.926737844944, 0.0, -0.637692689896, 0.72824048996, -0.251025617123, 0.0, -0.768032848835, -0.576179146767, 0.279540896416, 0.0, -1.0, 1.0, 3.0, 1.0, 0.0914362296462, 0.393167346716, 0.914909183979, 0.0, -0.57390999794, 0.771634221077, -0.274240583181, 0.0, -0.813797712326, -0.5, 0.296198010445, 0.0, -1.0, 2.0, 3.0, 1.0
0.119595393538, 0.40900734067, 0.904660105705, 0.0, -0.518644452095, 0.802722096443, -0.294355541468, 0.0, -0.846584260464, -0.433993369341, 0.308131247759, 0.0, -1.0, 1.0, 3.0, 1.0, 0.0914362296462, 0.393167346716, 0.914909183979, 0.0, -0.57390999794, 0.771634221077, -0.274240583181, 0.0, -0.813797712326, -0.5, 0.296198010445, 0.0, -1.0, 2.0, 3.0, 1.0
0.178459703922, 0.433644503355, 0.883235275745, 0.0, -0.403116881847, 0.851075232029, -0.336404114962, 0.0, -0.897579491138, -0.296012461185, 0.326692044735, 0.0, -1.0, 1.0, 3.0, 1.0, 0.0914362296462, 0.393167346716, 0.914909183979, 0.0, -0.57390999794, 0.771634221077, -0.274240583181, 0.0, -0.813797712326, -0.5, 0.296198010445, 0.0, -1.0, 2.0, 3.0, 1.0
0.219127222896, 0.444754362106, 0.868433535099, 0.0, -0.323302358389, 0.872879624367, -0.365454167128, 0.0, -0.920575261116, -0.200685665011, 0.335061818361, 0.0, -1.0, 1.0, 3.0, 1.0, 0.0914362296462, 0.393167346716, 0.914909183979, 0.0, -0.57390999794, 0.771634221077, -0.274240583181, 0.0, -0.813797712326, -0.5, 0.296198010445, 0.0, -1.0, 2.0, 3.0, 1.0
0.230216741562, 0.447009652853, 0.864397287369, 0.0, -0.301538079977, 0.877305686474, -0.37337577343, 0.0, -0.925243258476, -0.174691349268, 0.336760878563, 0.0, -1.0, 1.0, 3.0, 1.0, 0.0914362296462, 0.393167346716, 0.914909183979, 0.0, -0.57390999794, 0.771634221077, -0.274240583181, 0.0, -0.813797712326, -0.5, 0.296198010445, 0.0, -1.0, 2.0, 3.0, 1.0
0.208712309599, 0.442339271307, 0.872224271297, 0.0, -0.343742847443, 0.8681396842, -0.358014494181, 0.0, -0.915576338768, -0.225098803639, 0.33324238658, 0.0, -1.0, 1.0, 3.0, 1.0, 0.0914362296462, 0.393167346716, 0.914909183979, 0.0, -0.57390999794, 0.771634221077, -0.274240583181, 0.0, -0.813797712326, -0.5, 0.296198010445, 0.0, -1.0, 2.0, 3.0, 1.0
0.160505771637, 0.427255570889, 0.889769971371, 0.0, -0.438353270292, 0.838536202908, -0.323579162359, 0.0, -0.884355306625, -0.338097244501, 0.321878761053, 0.0, -1.0, 1.0, 3.0, 1.0, 0.0914362296462, 0.393167346716, 0.914909183979, 0.0, -0.57390999794, 0.771634221077, -0.274240583181, 0.0, -0.813797712326, -0.5, 0.296198010445, 0.0, -1.0, 2.0, 3.0, 1.0
0.0991826429963, 0.397812902927, 0.912089765072, 0.0, -0.558706760406, 0.78075170517, -0.279774099588, 0.0, -0.82341337204, -0.481841951609, 0.29969778657, 0.0, -1.0, 1.0, 3.0, 1.0, 0.0914362296462, 0.393167346716, 0.914909183979, 0.0, -0.57390999794, 0.771634221077, -0.274240583181, 0.0, -0.813797712326, -0.5, 0.296198010445, 0.0, -1.0, 2.0, 3.0, 1.0
0.0414022654295, 0.357173323631, 0.933120071888, 0.0, -0.672107160091, 0.700992047787, -0.238499730825, 0.0, -0.739295482635, -0.617282271385, 0.269081413746, 0.0, -1.0, 1.0, 3.0, 1.0, 0.0914362296462, 0.393167346716, 0.914909183979, 0.0, -0.57390999794, 0.771634221077, -0.274240583181, 0.0, -0.813797712326, -0.5, 0.296198010445, 0.0, -1.0, 2.0, 3.0, 1.0
-0.000125470964122, 0.317569643259, 0.948234915733, 0.0, -0.753610134125, 0.623265326023, -0.208835080266, 0.0, -0.657321691513, -0.714625656605, 0.239245504141, 0.0, -1.0, 1.0, 3.0, 1.0, 0.0914362296462, 0.393167346716, 0.914909183979, 0.0, -0.57390999794, 0.771634221077, -0.274240583181, 0.0, -0.813797712326, -0.5, 0.296198010445, 0.0, -1.0, 2.0, 3.0, 1.0
-0.0201945118606, 0.294170856476, 0.955539464951, 0.0, -0.792997658253, 0.577342808247, -0.194499179721, 0.0, -0.608889877796, -0.761668384075, 0.221617653966, 0.0, -1.0, 1.0, 3.0, 1.0, 0.0914362296462, 0.393167346716, 0.914909183979, 0.0, -0.57390999794, 0.771634221077, -0.274240583181, 0.0, -0.813797712326, -0.5, 0.296198010445, 0.0, -1.0, 2.0, 3.0, 1.0
-0.0182957723737, 0.296529650688, 0.954848408699, 0.0, -0.789271295071, 0.581972002983, -0.195855483413, 0.0, -0.61377197504, -0.757217764854, 0.223394721746, 0.0, -1.0, 1.0, 3.0, 1.0, 0.0914362296462, 0.393167346716, 0.914909183979, 0.0, -0.57390999794, 0.771634221077, -0.274240583181, 0.0, -0.813797712326, -0.5, 0.296198010445, 0.0, -1.0, 2.0, 3.0, 1.0
0.00559660885483, 0.323673605919, 0.94615226984, 0.0, -0.742379665375, 0.635245144367, -0.212922692299, 0.0, -0.669956088066, -0.701212525368, 0.243843927979, 0.0, -1.0, 1.0, 3.0, 1.0, 0.0914362296462, 0.393167346716, 0.914909183979, 0.0, -0.57390999794, 0.771634221077, -0.274240583181, 0.0, -0.813797712326, -0.5, 0.296198010445, 0.0, -1.0, 2.0, 3.0, 1.0
0.0505217984319, 0.364579111338, 0.929800868034, 0.0, -0.654209256172, 0.715526640415, -0.24501401186, 0.0, -0.754624247551, -0.595905780792, 0.274660736322, 0.0, -1.0, 1.0, 3.0, 1.0, 0.0914362296462, 0.393167346716, 0.914909183979, 0.0, -0.57390999794, 0.771634221077, -0.274240583181, 0.0, -0.813797712326, -0.5, 0.296198010445, 0.0, -1.0, 2.0, 3.0, 1.0
0.110020428896, 0.403940498829, 0.908145129681, 0.0, -0.537436366081, 0.792777895927, -0.287515848875, 0.0, -0.836096644402, -0.45643761754, 0.3043140769, 0.0, -1.0, 1.0, 3.0, 1.0, 0.0914362296462, 0.393167346716, 0.914909183979, 0.0, -0.57390999794, 0.771634221077, -0.274240583181, 0.0, -0.813797712326, -0.5, 0.296198010445, 0.0, -1.0, 2.0, 3.0, 1.0
